SessionID,ExperimentType,FileName,FileTrialIndex,Attempt,GoodTrialIndexBefore,Block,BlockAttempt,BlockGoodBefore,ExpectedTrialsInBlock,ExpectedChoiceTrialsInBlock,ExpectedInstructionTrialsInBlock,TotalBlocksTarget,BlockRichTarget,TrialType,ConditionID,SchedulePhase,CurrentScheduleRow,TrialSeed,NStim,SingleTargetID,T1Side,T2Side,RichTarget,RichSide,HighSalienceTarget,HighSalienceSide,ChosenTarget,ChosenSide,Outcome,OutcomeCode,TrialEndState,GoodTrial,TrialRepeatFlag,MissedFrames,PassEye,PassJoy,MouseEyeSim,RewardT1Ms,RewardT2Ms,ActualRichRewardMs,ActualPoorRewardMs,RewardDifferenceT1MinusT2Ms,ChosenRewardMs,SalienceType,BackgroundHueDeg,HueT1Deg,HueT2Deg,HueContrastT1Deg,HueContrastT2Deg,HueContrastDifferenceT1MinusT2Deg,HueContrastMagnitudeDeg,MeasuredLuminanceT1CdM2,MeasuredLuminanceT2CdM2,MeasuredLuminanceDifferenceT1MinusT2CdM2,TrialStartPTB,TrialStartDP,TrialDurationSec,FixOnSec,FixAcquiredSec,FixHoldReqMetSec,FixOffSec,SaccadeOnsetSec,SaccadeOffsetSec,TargetAcquiredSec,JoyPressSec,JoyReleaseSec,RewardTimeSec,FixAcquisitionLatencyMs,ReactionTimeMs,SaccadeDurationMs,TargetAcquisitionLatencyMs,TrialTypeLabel,T1SideLabel,T2SideLabel,ChosenSideLabel,RichSideLabel,HighSalienceSideLabel,IsInstruction,IsChoice,IsCongruent,IsConflict,GoodChoice,ChoseRight,ChoseT1,ChoseRich,ChoseHighSalience,ChoseLeft,ChoseT2,ChosePoor,ChoseLowSalience,T1OnRight,RichOnRight,HighSalienceOnRight,T1IsRich,T1IsHighSalience,ChoiceMappingValid,GoodTrialOrdinal,ChoiceOrdinal,BlockUID,GoodTrialInBlock,ChoiceInBlock,SessionElapsedMin,PreTrialIntervalSec,PreviousChosenTarget,PreviousChosenSide,PreviousRewardMs,PreviousChoiceSameBlock,SwitchedTarget,SwitchedSide,StayedTarget,StayedSide,RealEyeChoice
20260721_t1530_srsSmooth_training,srs_smooth_training,trial0001.mat,1,1,0,1,1,0,100,80,20,8,2,0,1,1,2,31442,1,1,1,2,2,2,1,1,1,1,SINGLE_T1_CORRECT,10,455,1,0,1,0,1,0,105,142,142,105,-37,105,1,180,0,190,180,10,170,170,NaN,NaN,NaN,1784662288.38421,18901.41468056,1.78920459747314,0.0266456604003906,0.219161033630371,0.877450466156006,0.893346786499023,1.10240030288696,1.15247511863708,1.15247511863708,-1,-1,1.38166546821594,192.51537322998,209.053516387939,50.0748157501221,259.128332138062,Instruction,Right,Left,Right,Left,Right,1,0,0,0,0,NaN,NaN,NaN,NaN,NaN,NaN,NaN,NaN,1,0,1,0,1,0,1,NaN,20260721_t1530_srsSmooth_training_B001,1,NaN,0,NaN,NaN,NaN,NaN,0,NaN,NaN,NaN,NaN,0
20260721_t1530_srsSmooth_training,srs_smooth_training,trial0002.mat,2,2,1,1,2,1,100,80,20,8,2,0,4,1,18,11601,1,2,1,2,2,2,2,2,2,2,SINGLE_T2_CORRECT,11,455,1,0,0,0,1,0,81,118,118,81,-37,118,1,180,190,0,10,180,-170,170,NaN,NaN,NaN,1784662293.36566,18906.39604076,1.94046568870544,0.0203850269317627,0.196016311645508,0.929604768753052,0.94542121887207,1.18789124488831,1.2378978729248,1.2378978729248,-1,-1,1.52488327026367,175.631284713745,242.470026016235,50.006628036499,292.476654052734,Instruction,Right,Left,Left,Left,Left,1,0,0,0,0,NaN,NaN,NaN,NaN,NaN,NaN,NaN,NaN,1,0,0,0,0,0,2,NaN,20260721_t1530_srsSmooth_training_B001,2,NaN,0.0830242911974589,3.19225287437439,NaN,NaN,NaN,0,NaN,NaN,NaN,NaN,0
20260721_t1530_srsSmooth_training,srs_smooth_training,trial0003.mat,3,3,2,1,3,2,100,80,20,8,2,0,2,1,6,23137,1,1,2,1,2,1,1,2,1,2,SINGLE_T1_CORRECT,10,455,1,0,0,0,1,0,71,118,118,71,-47,71,1,0,180,10,180,10,170,170,NaN,NaN,NaN,1784662296.99792,18910.02809772,1.8838484287262,0.0132749080657959,0.180682420730591,0.888791561126709,0.904975652694702,1.18878769874573,1.23070645332336,1.23070645332336,-1,-1,1.50026798248291,167.407512664795,283.812046051025,41.9187545776367,325.730800628662,Instruction,Left,Right,Left,Right,Left,1,0,0,0,0,NaN,NaN,NaN,NaN,NaN,NaN,NaN,NaN,0,1,0,0,1,0,3,NaN,20260721_t1530_srsSmooth_training_B001,3,NaN,0.143561848004659,1.69178771972656,NaN,NaN,NaN,0,NaN,NaN,NaN,NaN,0
20260721_t1530_srsSmooth_training,srs_smooth_training,trial0004.mat,4,4,3,1,4,3,100,80,20,8,2,0,1,1,5,22164,1,1,1,2,2,2,1,1,1,1,SINGLE_T1_CORRECT,10,455,1,0,1,0,1,0,83,127,127,83,-44,83,1,180,0,190,180,10,170,170,NaN,NaN,NaN,1784662300.49517,18913.52533256,1.95286011695862,0.0161552429199219,0.183315992355347,0.899921417236328,0.916191577911377,1.21683764457703,1.25838255882263,1.25838255882263,-1,-1,1.56879377365112,167.160749435425,300.646066665649,41.5449142456055,342.190980911255,Instruction,Right,Left,Right,Left,Right,1,0,0,0,0,NaN,NaN,NaN,NaN,NaN,NaN,NaN,NaN,1,0,1,0,1,0,4,NaN,20260721_t1530_srsSmooth_training_B001,4,NaN,0.201849452654521,1.6134078502655,NaN,NaN,NaN,0,NaN,NaN,NaN,NaN,0
20260721_t1530_srsSmooth_training,srs_smooth_training,trial0005.mat,5,5,4,1,5,4,100,80,20,8,2,0,4,1,17,8514,1,2,1,2,2,2,2,2,2,2,SINGLE_T2_CORRECT,11,455,1,0,0,0,1,0,63,110,110,63,-47,110,1,180,190,0,10,180,-170,170,NaN,NaN,NaN,1784662304.11836,18917.14849196,1.9972460269928,0.0181117057800293,0.210182189941406,0.993761301040649,1.0098180770874,1.25212907791138,1.3021399974823,1.3021399974823,-1,-1,1.58948278427124,192.070484161377,242.311000823975,50.0109195709229,292.321920394897,Instruction,Right,Left,Left,Left,Left,1,0,0,0,0,NaN,NaN,NaN,NaN,NaN,NaN,NaN,NaN,1,0,0,0,0,0,5,NaN,20260721_t1530_srsSmooth_training_B001,5,NaN,0.262235895792643,1.67032647132874,NaN,NaN,NaN,0,NaN,NaN,NaN,NaN,0
20260721_t1530_srsSmooth_training,srs_smooth_training,trial0006.mat,6,6,5,1,6,5,100,80,20,8,2,0,3,1,14,17148,1,2,2,1,2,1,2,1,2,1,SINGLE_T2_CORRECT,11,455,1,0,0,0,1,0,86,148,148,86,-62,148,1,0,10,180,10,180,-170,170,NaN,NaN,NaN,1784662307.74661,18920.77658784,1.80991387367249,0.0150022506713867,0.257170677185059,0.823913812637329,0.840035200119019,1.07389259338379,1.11556696891785,1.11556696891785,-1,-1,1.35916042327881,242.168426513672,233.857393264771,41.6743755340576,275.531768798828,Instruction,Left,Right,Right,Right,Right,1,0,0,0,0,NaN,NaN,NaN,NaN,NaN,NaN,NaN,NaN,0,1,1,0,0,0,6,NaN,20260721_t1530_srsSmooth_training_B001,6,NaN,0.322706758975983,1.63100576400757,NaN,NaN,NaN,0,NaN,NaN,NaN,NaN,0
20260721_t1530_srsSmooth_training,srs_smooth_training,trial0007.mat,7,7,6,1,7,6,100,80,20,8,2,0,4,1,16,17666,1,2,1,2,2,2,2,2,2,2,SINGLE_T2_CORRECT,11,455,1,0,0,0,1,0,67,120,120,67,-53,120,1,0,10,180,10,180,-170,170,NaN,NaN,NaN,1784662311.11522,18924.14521116,1.52478671073914,0.0131938457489014,0.0138993263244629,0.530371427536011,0.546547651290894,0.805397510528564,0.847062110900879,0.847062110900879,-1,-1,1.1073694229126,0.705480575561523,258.849859237671,41.6646003723145,300.514459609985,Instruction,Right,Left,Left,Left,Left,1,0,0,0,0,NaN,NaN,NaN,NaN,NaN,NaN,NaN,NaN,1,0,0,0,0,0,7,NaN,20260721_t1530_srsSmooth_training_B001,7,NaN,0.378850213686625,1.55869340896606,NaN,NaN,NaN,0,NaN,NaN,NaN,NaN,0
20260721_t1530_srsSmooth_training,srs_smooth_training,trial0008.mat,8,8,7,1,8,7,100,80,20,8,2,0,3,1,11,27211,1,2,2,1,2,1,2,1,2,1,SINGLE_T2_CORRECT,11,455,1,0,1,0,1,0,91,127,127,91,-36,127,1,180,190,0,10,180,-170,170,NaN,NaN,NaN,1784662314.19483,18927.22465312,1.90330576896667,0.0170390605926514,0.225836515426636,0.867624521255493,0.883738994598389,1.19260859489441,1.234708070755,1.234708070755,-1,-1,1.47759604454041,208.797454833984,308.869600296021,42.0994758605957,350.969076156616,Instruction,Left,Right,Right,Right,Right,1,0,0,0,0,NaN,NaN,NaN,NaN,NaN,NaN,NaN,NaN,0,1,1,0,0,0,8,NaN,20260721_t1530_srsSmooth_training_B001,8,NaN,0.430177028973897,1.55482220649719,NaN,NaN,NaN,0,NaN,NaN,NaN,NaN,0
20260721_t1530_srsSmooth_training,srs_smooth_training,trial0009.mat,9,9,8,1,9,8,100,80,20,8,2,0,4,1,20,11490,1,2,1,2,2,2,2,2,2,2,SINGLE_T2_CORRECT,11,455,1,0,0,0,1,0,102,118,118,102,-16,118,1,180,190,0,10,180,-170,170,NaN,NaN,NaN,1784662317.65621,18930.68606916,1.8260498046875,0.0141291618347168,0.198175668716431,0.848328590393066,0.86416220664978,1.10631561279297,1.15655112266541,1.15655112266541,-1,-1,1.40806150436401,184.046506881714,242.153406143188,50.2355098724365,292.388916015625,Instruction,Right,Left,Left,Left,Left,1,0,0,0,0,NaN,NaN,NaN,NaN,NaN,NaN,NaN,NaN,1,0,0,0,0,0,9,NaN,20260721_t1530_srsSmooth_training_B001,9,NaN,0.487866655985514,1.55807185173035,NaN,NaN,NaN,0,NaN,NaN,NaN,NaN,0
20260721_t1530_srsSmooth_training,srs_smooth_training,trial0010.mat,10,10,9,1,10,9,100,80,20,8,2,0,2,1,10,5087,1,1,2,1,2,1,1,2,1,2,SINGLE_T1_CORRECT,10,455,1,0,0,0,1,0,91,108,108,91,-17,91,1,0,180,10,180,10,170,170,NaN,NaN,NaN,1784662321.04391,18934.07369356,1.98021578788757,0.0182285308837891,0.218646049499512,0.985832452774048,1.00160050392151,1.26881217956543,1.3106701374054,1.3106701374054,-1,-1,1.58780908584595,200.417518615723,267.211675643921,41.8579578399658,309.069633483887,Instruction,Left,Right,Left,Right,Left,1,0,0,0,0,NaN,NaN,NaN,NaN,NaN,NaN,NaN,NaN,0,1,0,0,1,0,10,NaN,20260721_t1530_srsSmooth_training_B001,10,NaN,0.544328320026398,1.5616500377655,NaN,NaN,NaN,0,NaN,NaN,NaN,NaN,0
20260721_t1530_srsSmooth_training,srs_smooth_training,trial0011.mat,11,11,10,1,11,10,100,80,20,8,2,0,1,1,1,11024,1,1,1,2,2,2,1,1,0,0,,0,11,0,1,0,0,1,0,84,129,129,84,-45,NaN,1,180,0,190,180,10,170,170,NaN,NaN,NaN,1784662324.57938,18937.6090404,0.109365463256836,0.0162284374237061,0.0169661045074463,-1,-1,-1,-1,-1,-1,-1,-1,0.737667083740234,NaN,NaN,NaN,Instruction,Right,Left,None,Left,Right,1,0,0,0,0,NaN,NaN,NaN,NaN,NaN,NaN,NaN,NaN,1,0,1,0,1,0,10,NaN,20260721_t1530_srsSmooth_training_B001,NaN,NaN,0.603252836068471,1.55525517463684,NaN,NaN,NaN,0,NaN,NaN,NaN,NaN,0
20260721_t1530_srsSmooth_training,srs_smooth_training,trial0012.mat,12,12,10,1,12,10,100,80,20,8,2,0,3,1,13,9788,1,2,2,1,2,1,2,1,2,1,SINGLE_T2_CORRECT,11,455,1,0,0,0,1,0,89,138,138,89,-49,138,1,0,10,180,10,180,-170,170,NaN,NaN,NaN,1784662326.13067,18939.16032544,1.71772480010986,0.015000581741333,0.190405130386353,0.765434265136719,0.781697034835815,0.982187986373901,1.03221678733826,1.03221678733826,-1,-1,1.28407073020935,175.40454864502,200.490951538086,50.0288009643555,250.519752502441,Instruction,Left,Right,Right,Right,Right,1,0,0,0,0,NaN,NaN,NaN,NaN,NaN,NaN,NaN,NaN,0,1,1,0,0,0,11,NaN,20260721_t1530_srsSmooth_training_B001,11,NaN,0.629107630252838,1.44192218780518,NaN,NaN,NaN,0,NaN,NaN,NaN,NaN,0
20260721_t1530_srsSmooth_training,srs_smooth_training,trial0013.mat,13,13,11,1,13,11,100,80,20,8,2,0,3,1,12,15209,1,2,2,1,2,1,2,1,2,1,SINGLE_T2_CORRECT,11,455,1,0,0,0,1,0,56,137,137,56,-81,137,1,180,190,0,10,180,-170,170,NaN,NaN,NaN,1784662329.403,18942.43262196,1.76275897026062,0.0177924633026123,0.25152063369751,0.793267011642456,0.809489488601685,1.04356360435486,1.09358668327332,1.09358668327332,-1,-1,1.32877206802368,233.728170394897,234.074115753174,50.023078918457,284.097194671631,Instruction,Left,Right,Right,Right,Right,1,0,0,0,0,NaN,NaN,NaN,NaN,NaN,NaN,NaN,NaN,0,1,1,0,0,0,12,NaN,20260721_t1530_srsSmooth_training_B001,12,NaN,0.683646551767985,1.55461049079895,NaN,NaN,NaN,0,NaN,NaN,NaN,NaN,0
20260721_t1530_srsSmooth_training,srs_smooth_training,trial0014.mat,14,14,12,1,14,12,100,80,20,8,2,0,2,1,7,31381,1,1,2,1,2,1,1,2,1,2,SINGLE_T1_CORRECT,10,455,1,0,0,0,1,0,71,137,137,71,-66,71,1,0,180,10,180,10,170,170,NaN,NaN,NaN,1784662332.77264,18945.80213412,1.92636299133301,0.0149474143981934,0.299023151397705,1.02387452125549,1.03998732566833,1.29073691368103,1.34050226211548,1.34050226211548,-1,-1,1.55907869338989,284.075736999512,250.749588012695,49.7653484344482,300.514936447144,Instruction,Left,Right,Left,Right,Left,1,0,0,0,0,NaN,NaN,NaN,NaN,NaN,NaN,NaN,NaN,0,1,0,0,1,0,13,NaN,20260721_t1530_srsSmooth_training_B001,13,NaN,0.739807256062825,1.60688328742981,NaN,NaN,NaN,0,NaN,NaN,NaN,NaN,0
20260721_t1530_srsSmooth_training,srs_smooth_training,trial0015.mat,15,15,13,1,15,13,100,80,20,8,2,0,1,1,3,14486,1,1,1,2,2,2,1,1,1,1,SINGLE_T1_CORRECT,10,455,1,0,0,0,1,0,94,134,134,94,-40,94,1,180,0,190,180,10,170,170,NaN,NaN,NaN,1784662336.29765,18949.32706524,1.83464980125427,0.0150806903839111,0.182533740997314,0.765532493591309,0.781776428222656,1.14055681228638,1.18230986595154,1.18230986595154,-1,-1,1.44275760650635,167.453050613403,358.780384063721,41.7530536651611,400.533437728882,Instruction,Right,Left,Right,Left,Right,1,0,0,0,0,NaN,NaN,NaN,NaN,NaN,NaN,NaN,NaN,1,0,1,0,1,0,14,NaN,20260721_t1530_srsSmooth_training_B001,14,NaN,0.798557317256927,1.59864068031311,NaN,NaN,NaN,0,NaN,NaN,NaN,NaN,0
20260721_t1530_srsSmooth_training,srs_smooth_training,trial0016.mat,16,16,14,1,16,14,100,80,20,8,2,0,4,1,19,6119,1,2,1,2,2,2,2,2,2,2,SINGLE_T2_CORRECT,11,455,1,0,0,0,1,0,81,134,134,81,-53,134,1,0,10,180,10,180,-170,170,NaN,NaN,NaN,1784662339.6795,18952.70886816,1.8031005859375,0.0166943073272705,0.208812475204468,0.792101383209229,0.808391571044922,1.09213209152222,1.1421947479248,1.1421947479248,-1,-1,1.36955690383911,192.118167877197,283.740520477295,50.0626564025879,333.803176879883,Instruction,Right,Left,Left,Left,Left,1,0,0,0,0,NaN,NaN,NaN,NaN,NaN,NaN,NaN,NaN,1,0,0,0,0,0,15,NaN,20260721_t1530_srsSmooth_training_B001,15,NaN,0.854921487967173,1.54720044136047,NaN,NaN,NaN,0,NaN,NaN,NaN,NaN,0
20260721_t1530_srsSmooth_training,srs_smooth_training,trial0017.mat,17,17,15,1,17,15,100,80,20,8,2,0,3,1,15,27251,1,2,2,1,2,1,2,1,2,1,SINGLE_T2_CORRECT,11,455,1,0,0,0,1,0,90,114,114,90,-24,114,1,180,190,0,10,180,-170,170,NaN,NaN,NaN,1784662343.02225,18956.05157672,1.86843132972717,0.0157334804534912,0.258111715316772,0.799836158752441,0.815763473510742,1.11646294593811,1.1665096282959,1.1665096282959,-1,-1,1.45115804672241,242.378234863281,300.699472427368,50.0466823577881,350.746154785156,Instruction,Left,Right,Right,Right,Right,1,0,0,0,0,NaN,NaN,NaN,NaN,NaN,NaN,NaN,NaN,0,1,1,0,0,0,16,NaN,20260721_t1530_srsSmooth_training_B001,16,NaN,0.910634104410807,1.53965640068054,NaN,NaN,NaN,0,NaN,NaN,NaN,NaN,0
20260721_t1530_srsSmooth_training,srs_smooth_training,trial0018.mat,18,18,16,1,18,16,100,80,20,8,2,0,2,1,9,27320,1,1,2,1,2,1,1,2,1,2,SINGLE_T1_CORRECT,10,455,1,0,0,0,1,0,62,117,117,62,-55,62,1,0,180,10,180,10,170,170,NaN,NaN,NaN,1784662346.46409,18959.49334428,1.7439706325531,0.0156996250152588,0.0165519714355469,0.816214084625244,0.8323974609375,1.07478618621826,1.12482213973999,1.12482213973999,-1,-1,1.38477826118469,0.852346420288086,242.388725280762,50.0359535217285,292.42467880249,Instruction,Left,Right,Left,Right,Left,1,0,0,0,0,NaN,NaN,NaN,NaN,NaN,NaN,NaN,NaN,0,1,0,0,1,0,17,NaN,20260721_t1530_srsSmooth_training_B001,17,NaN,0.967997984091441,1.57340145111084,NaN,NaN,NaN,0,NaN,NaN,NaN,NaN,0
20260721_t1530_srsSmooth_training,srs_smooth_training,trial0019.mat,19,19,17,1,19,17,100,80,20,8,2,0,1,1,1,11024,1,1,1,2,2,2,1,1,1,1,SINGLE_T1_CORRECT,10,455,1,0,0,0,1,0,79,115,115,79,-36,79,1,0,180,10,180,10,170,170,NaN,NaN,NaN,1784662349.74375,18962.77288992,1.86497759819031,0.011164665222168,0.211851119995117,0.928572177886963,0.944533586502075,1.22836971282959,1.26995253562927,1.26995253562927,-1,-1,1.48940944671631,200.686454772949,283.836126327515,41.5828227996826,325.418949127197,Instruction,Right,Left,Right,Left,Right,1,0,0,0,0,NaN,NaN,NaN,NaN,NaN,NaN,NaN,NaN,1,0,1,0,1,0,18,NaN,20260721_t1530_srsSmooth_training_B001,18,NaN,1.02265901962916,1.53569149971008,NaN,NaN,NaN,0,NaN,NaN,NaN,NaN,0
20260721_t1530_srsSmooth_training,srs_smooth_training,trial0020.mat,20,20,18,1,20,18,100,80,20,8,2,0,1,1,4,31522,1,1,1,2,2,2,1,1,1,1,SINGLE_T1_CORRECT,10,455,1,0,0,0,1,0,107,133,133,107,-26,107,1,0,180,10,180,10,170,170,NaN,NaN,NaN,1784662353.19588,18966.22502012,1.93735837936401,0.0174953937530518,0.251465559005737,0.968297958374023,0.984199523925781,1.18508720397949,1.23487758636475,1.23487758636475,-1,-1,1.5286111831665,233.970165252686,200.887680053711,49.7903823852539,250.678062438965,Instruction,Right,Left,Right,Left,Right,1,0,0,0,0,NaN,NaN,NaN,NaN,NaN,NaN,NaN,NaN,1,0,1,0,1,0,19,NaN,20260721_t1530_srsSmooth_training_B001,19,NaN,1.08019460439682,1.58715748786926,NaN,NaN,NaN,0,NaN,NaN,NaN,NaN,0
20260721_t1530_srsSmooth_training,srs_smooth_training,trial0021.mat,21,21,19,1,21,19,100,80,20,8,2,0,2,1,8,30797,1,1,2,1,2,1,1,2,0,0,,0,11,0,1,0,0,1,0,97,99,99,97,-2,NaN,1,0,180,10,180,10,170,170,NaN,NaN,NaN,1784662356.68463,18969.71367084,0.072160005569458,0.0122170448303223,0.021068811416626,-1,-1,-1,-1,-1,-1,-1,-1,8.85176658630371,NaN,NaN,NaN,Instruction,Left,Right,None,Right,Left,1,0,0,0,0,NaN,NaN,NaN,NaN,NaN,NaN,NaN,NaN,0,1,0,0,1,0,19,NaN,20260721_t1530_srsSmooth_training_B001,NaN,NaN,1.13834037780762,1.55138802528381,NaN,NaN,NaN,0,NaN,NaN,NaN,NaN,0
20260721_t1530_srsSmooth_training,srs_smooth_training,trial0022.mat,22,22,19,1,22,19,100,80,20,8,2,0,2,1,8,30797,1,1,2,1,2,1,1,2,1,2,SINGLE_T1_CORRECT,10,455,1,0,0,0,1,0,60,121,121,60,-61,60,1,0,180,10,180,10,170,170,NaN,NaN,NaN,1784662358.22655,18971.25555808,1.69794034957886,0.0120279788970947,0.179093837738037,0.754109382629395,0.770389795303345,1.07077097892761,1.10435461997986,1.10435461997986,-1,-1,1.33906149864197,167.065858840942,300.381183624268,33.5836410522461,333.964824676514,Instruction,Left,Right,Left,Right,Left,1,0,0,0,0,NaN,NaN,NaN,NaN,NaN,NaN,NaN,NaN,0,1,0,0,1,0,20,NaN,20260721_t1530_srsSmooth_training_B001,20,NaN,1.16403898000717,1.46975612640381,NaN,NaN,NaN,0,NaN,NaN,NaN,NaN,0
20260721_t1530_srsSmooth_training,srs_smooth_training,trial0023.mat,23,23,20,1,23,20,100,80,20,8,2,2,8,2,94,1124,2,0,2,1,2,1,1,2,1,2,CHOSE_HIGH_SAL,1,455,1,0,0,0,1,0,98,113,113,98,-15,98,1,180,340.723463235137,209.276536764863,160.723463235137,29.2765367648631,131.446926470274,131.446926470274,NaN,NaN,NaN,1784662361.45873,18974.48767256,2.27645087242126,0.0132989883422852,0.288928270339966,1.05545616149902,1.07167291641235,1.51387429237366,1.56396317481995,1.56396317481995,-1,-1,1.87436175346375,275.629281997681,442.201375961304,50.0888824462891,492.290258407593,Conflict,Left,Right,Left,Right,Left,0,1,0,1,1,0,1,0,1,1,0,1,0,0,1,0,0,1,1,21,1,20260721_t1530_srsSmooth_training_B001,21,1,1.21790875991185,1.53424644470215,NaN,NaN,NaN,0,NaN,NaN,NaN,NaN,1
20260721_t1530_srsSmooth_training,srs_smooth_training,trial0024.mat,24,24,21,1,24,21,100,80,20,8,2,2,8,2,96,1422,2,0,2,1,2,1,1,2,2,1,CHOSE_LOW_SAL,2,455,1,0,0,0,1,0,67,144,144,67,-77,144,1,180,310.51547747081,239.48452252919,130.51547747081,59.4845225291901,71.0309549416197,71.0309549416197,NaN,NaN,NaN,1784662365.32337,18978.3520618,2.03573846817017,0.0154788494110107,0.132930278778076,0.757893562316895,0.773840427398682,1.07442235946655,1.12452912330627,1.12452912330627,-1,-1,1.42651748657227,117.451429367065,300.581932067871,50.1067638397217,350.688695907593,Conflict,Left,Right,Right,Right,Left,0,1,0,1,1,1,0,1,0,0,1,0,1,0,1,0,0,1,1,22,2,20260721_t1530_srsSmooth_training_B001,22,2,1.28231936693192,1.58818554878235,1,2,98,1,1,1,0,0,1
20260721_t1530_srsSmooth_training,srs_smooth_training,trial0025.mat,25,25,22,1,25,22,100,80,20,8,2,1,5,2,23,12588,2,0,1,2,2,2,2,2,1,1,CHOSE_LOW_SAL,2,455,1,0,0,0,1,0,82,126,126,82,-44,82,1,180,250.069801630249,299.930198369751,70.0698016302487,119.930198369751,-49.8603967395027,49.8603967395027,NaN,NaN,NaN,1784662371.33835,18984.36714056,1.88761258125305,0.017392635345459,0.167771816253662,0.959463119506836,0.975762605667114,1.19307208061218,1.24314713478088,1.24314713478088,-1,-1,1.49474573135376,150.379180908203,217.309474945068,50.0750541687012,267.38452911377,Congruent,Right,Left,Right,Left,Left,0,1,1,0,1,1,1,0,0,0,0,1,1,1,0,0,0,0,1,23,3,20260721_t1530_srsSmooth_training_B001,23,3,1.38256911834081,3.97924661636353,2,1,144,1,1,0,0,1,1
20260721_t1530_srsSmooth_training,srs_smooth_training,trial0026.mat,26,26,23,1,26,23,100,80,20,8,2,2,7,2,64,22352,2,0,1,2,2,2,1,1,1,1,CHOSE_HIGH_SAL,1,455,1,0,0,0,1,0,87,118,118,87,-31,87,1,0,153.612280025615,36.3877199743853,153.612280025615,36.3877199743853,117.224560051229,117.224560051229,NaN,NaN,NaN,1784662374.8065,18987.83518888,1.74420547485352,0.0160422325134277,0.17503023147583,0.824939966201782,0.841074228286743,1.04165554046631,1.09189534187317,1.09189534187317,-1,-1,1.35992336273193,158.987998962402,200.581312179565,50.2398014068604,250.821113586426,Conflict,Right,Left,Right,Left,Right,0,1,0,1,1,1,1,0,1,0,0,1,0,1,0,1,0,1,1,24,4,20260721_t1530_srsSmooth_training_B001,24,4,1.4403716246287,1.58053779602051,1,1,82,1,0,0,1,1,1
20260721_t1530_srsSmooth_training,srs_smooth_training,trial0027.mat,27,27,24,1,27,24,100,80,20,8,2,1,5,2,28,25603,2,0,1,2,2,2,2,2,1,1,CHOSE_LOW_SAL,2,455,1,0,0,0,1,0,86,141,141,86,-55,86,1,180,193.627780303163,356.372219696837,13.6277803031629,176.372219696837,-162.744439393674,162.744439393674,NaN,NaN,NaN,1784662378.12808,18991.15671732,2.0148754119873,0.0112605094909668,0.236701250076294,1.01179575920105,1.02796649932861,1.35368490219116,1.40356469154358,1.40356469154358,-1,-1,1.63052010536194,225.440740585327,325.718402862549,49.879789352417,375.598192214966,Congruent,Right,Left,Right,Left,Left,0,1,1,0,1,1,1,0,0,0,0,1,1,1,0,0,0,0,1,25,5,20260721_t1530_srsSmooth_training_B001,25,5,1.49573123455048,1.57737112045288,1,1,87,1,0,0,1,1,1
20260721_t1530_srsSmooth_training,srs_smooth_training,trial0028.mat,28,28,25,1,28,25,100,80,20,8,2,1,5,2,22,27384,2,0,1,2,2,2,2,2,1,1,CHOSE_LOW_SAL,2,455,1,0,0,0,1,0,75,132,132,75,-57,75,1,0,11.8907337227983,178.109266277202,11.8907337227983,178.109266277202,-166.218532554403,166.218532554403,NaN,NaN,NaN,1784662381.77649,18994.805108,1.8840925693512,0.0129928588867188,0.197128534317017,0.988847017288208,1.0046980381012,1.22200560569763,1.26386642456055,1.26386642456055,-1,-1,1.50701284408569,184.135675430298,217.307567596436,41.860818862915,259.168386459351,Congruent,Right,Left,Right,Left,Left,0,1,1,0,1,1,1,0,0,0,0,1,1,1,0,0,0,0,1,26,6,20260721_t1530_srsSmooth_training_B001,26,6,1.55653804540634,1.63353323936462,1,1,86,1,0,0,1,1,1
20260721_t1530_srsSmooth_training,srs_smooth_training,trial0029.mat,29,29,26,1,29,26,100,80,20,8,2,2,7,2,72,6148,2,0,1,2,2,2,1,1,0,0,,0,11,0,1,0,0,1,0,83,144,144,83,-61,NaN,1,0,169.500016394096,20.4999836059042,169.500016394096,20.4999836059042,149.000032788192,149.000032788192,NaN,NaN,NaN,1784662385.23049,18998.2589884,0.10241961479187,0.0174643993377686,0.0431332588195801,-1,-1,-1,-1,-1,-1,-1,-1,25.6688594818115,NaN,NaN,NaN,Conflict,Right,Left,None,Left,Right,0,1,0,1,0,NaN,NaN,NaN,NaN,NaN,NaN,NaN,NaN,1,0,1,0,1,0,26,NaN,20260721_t1530_srsSmooth_training_B001,NaN,NaN,1.61410464048386,1.56990313529968,NaN,NaN,NaN,0,NaN,NaN,NaN,NaN,0
20260721_t1530_srsSmooth_training,srs_smooth_training,trial0030.mat,30,30,26,1,30,26,100,80,20,8,2,2,7,2,68,961,2,0,1,2,2,2,1,1,1,1,CHOSE_HIGH_SAL,1,455,1,0,0,0,1,0,100,143,143,100,-43,100,1,0,150.202917974341,39.7970820256593,150.202917974341,39.7970820256593,110.405835948681,110.405835948681,NaN,NaN,NaN,1784662386.81739,18999.8457304,1.81716346740723,0.0139560699462891,0.172690391540527,0.839499473571777,0.855655193328857,1.10614418983459,1.14808559417725,1.14808559417725,-1,-1,1.41601729393005,158.734321594238,250.488996505737,41.9414043426514,292.430400848389,Conflict,Right,Left,Right,Left,Right,0,1,0,1,1,1,1,0,1,0,0,1,0,1,0,1,0,1,1,27,7,20260721_t1530_srsSmooth_training_B001,27,7,1.64055302540461,1.48448348045349,1,1,75,1,0,0,1,1,1
20260721_t1530_srsSmooth_training,srs_smooth_training,trial0031.mat,31,31,27,1,31,27,100,80,20,8,2,1,5,2,35,14734,2,0,1,2,2,2,2,2,1,1,CHOSE_LOW_SAL,2,455,1,0,0,0,1,0,126,129,129,126,-3,126,1,180,259.796812173903,290.203187826097,79.7968121739027,110.203187826097,-30.4063756521947,30.4063756521947,NaN,NaN,NaN,1784662390.20372,19003.2320894,2.00652456283569,0.0110874176025391,0.253157615661621,0.994954586029053,1.01112651824951,1.23663377761841,1.2868332862854,1.2868332862854,-1,-1,1.58115553855896,242.070198059082,225.507259368896,50.1995086669922,275.706768035889,Congruent,Right,Left,Right,Left,Left,0,1,1,0,1,1,1,0,0,0,0,1,1,1,0,0,0,0,1,28,8,20260721_t1530_srsSmooth_training_B001,28,8,1.69699190457662,1.56916928291321,1,1,100,1,0,0,1,1,1
20260721_t1530_srsSmooth_training,srs_smooth_training,trial0032.mat,32,32,28,1,32,28,100,80,20,8,2,2,7,2,74,31993,2,0,1,2,2,2,1,1,1,1,CHOSE_HIGH_SAL,1,455,1,0,0,0,1,0,107,86,86,107,21,107,1,0,101.355663912262,88.6443360877376,101.355663912262,88.6443360877375,12.7113278245249,12.7113278245249,NaN,NaN,NaN,1784662393.75965,19006.78795764,1.92524194717407,0.013627290725708,0.180772542953491,0.980931043624878,0.996998071670532,1.1977527141571,1.24758458137512,1.24758458137512,-1,-1,1.51594829559326,167.145252227783,200.754642486572,49.8318672180176,250.58650970459,Conflict,Right,Left,Right,Left,Right,0,1,0,1,1,1,1,0,1,0,0,1,0,1,0,1,0,1,1,29,9,20260721_t1530_srsSmooth_training_B001,29,9,1.7562574227651,1.5494065284729,1,1,126,1,0,0,1,1,1
20260721_t1530_srsSmooth_training,srs_smooth_training,trial0033.mat,33,33,29,1,33,29,100,80,20,8,2,1,6,2,43,4668,2,0,2,1,2,1,2,1,2,1,CHOSE_HIGH_SAL,1,455,1,0,0,0,1,0,100,139,139,100,-39,139,1,180,241.884195936643,308.115804063357,61.884195936643,128.115804063357,-66.2316081267141,66.2316081267141,NaN,NaN,NaN,1784662397.25918,19010.2873506,1.91756582260132,0.0142319202423096,0.189967393875122,0.881651878356934,0.8975989818573,1.12334752082825,1.17351293563843,1.17351293563843,-1,-1,1.47522330284119,175.735473632812,225.748538970947,50.1654148101807,275.913953781128,Congruent,Left,Right,Right,Right,Right,0,1,1,0,1,1,0,1,1,0,1,0,0,0,1,1,0,0,1,30,10,20260721_t1530_srsSmooth_training_B001,30,10,1.81458294391632,1.57428932189941,1,1,107,1,1,0,0,1,1
20260721_t1530_srsSmooth_training,srs_smooth_training,trial0034.mat,34,34,30,1,34,30,100,80,20,8,2,2,8,2,87,27081,2,0,2,1,2,1,1,2,2,1,CHOSE_LOW_SAL,2,455,1,0,0,0,1,0,79,141,141,79,-62,141,1,180,359.656670908122,190.343329091878,179.656670908122,10.3433290918784,169.313341816243,169.313341816243,NaN,NaN,NaN,1784662400.7462,19013.7744374,1.6303243637085,0.0106799602508545,0.0115737915039062,0.694517850875854,0.710706949234009,0.928034782409668,0.969391107559204,0.969391107559204,-1,-1,1.18785166740417,0.893831253051758,217.327833175659,41.3563251495361,258.684158325195,Conflict,Left,Right,Right,Right,Left,0,1,0,1,1,1,0,1,0,0,1,0,1,0,1,0,0,1,1,31,11,20260721_t1530_srsSmooth_training_B001,31,11,1.87269994815191,1.56945443153381,2,1,139,1,0,0,1,1,1
20260721_t1530_srsSmooth_training,srs_smooth_training,trial0035.mat,35,35,31,1,35,31,100,80,20,8,2,2,7,2,78,15043,2,0,1,2,2,2,1,1,1,1,CHOSE_HIGH_SAL,1,455,1,0,0,0,1,0,88,101,101,88,-13,88,1,0,125.967610417018,64.0323895829817,125.967610417018,64.0323895829817,61.9352208340367,61.9352208340367,NaN,NaN,NaN,1784662403.92161,19016.94977932,1.7471706867218,0.0187327861785889,0.252651929855347,0.835998296737671,0.852097749710083,1.07783818244934,1.12786483764648,1.12786483764648,-1,-1,1.3626492023468,233.919143676758,225.740432739258,50.0266551971436,275.767087936401,Conflict,Right,Left,Right,Left,Right,0,1,0,1,1,1,1,0,1,0,0,1,0,1,0,1,0,1,1,32,12,20260721_t1530_srsSmooth_training_B001,32,12,1.9256233493487,1.54507970809937,2,1,141,1,1,0,0,1,1
20260721_t1530_srsSmooth_training,srs_smooth_training,trial0036.mat,36,36,32,1,36,32,100,80,20,8,2,2,7,2,62,26782,2,0,1,2,2,2,1,1,2,2,CHOSE_LOW_SAL,2,455,1,0,0,0,1,0,95,114,114,95,-19,114,1,0,148.568390575631,41.4316094243692,148.568390575631,41.4316094243692,107.136781151262,107.136781151262,NaN,NaN,NaN,1784662407.21624,19020.24419224,1.81933212280273,0.0158987045288086,0.199887752532959,0.891771554946899,0.907599925994873,1.12472748756409,1.16647362709045,1.16647362709045,-1,-1,1.40269422531128,183.98904800415,217.127561569214,41.7461395263672,258.873701095581,Conflict,Right,Left,Left,Left,Right,0,1,0,1,1,0,0,1,0,1,1,0,1,1,0,1,0,1,1,33,13,20260721_t1530_srsSmooth_training_B001,33,13,1.98053381443024,1.54745721817017,1,1,88,1,1,1,0,0,1
20260721_t1530_srsSmooth_training,srs_smooth_training,trial0037.mat,37,37,33,1,37,33,100,80,20,8,2,2,7,2,61,32370,2,0,1,2,2,2,1,1,2,2,CHOSE_LOW_SAL,2,455,1,0,0,0,1,0,80,150,150,80,-70,150,1,0,112.772342388567,77.227657611433,112.772342388567,77.227657611433,35.544684777134,35.544684777134,NaN,NaN,NaN,1784662410.60637,19023.63427972,1.73712992668152,0.0175621509552002,0.201324939727783,0.79304575920105,0.809260368347168,1.01805853843689,1.06808876991272,1.06808876991272,-1,-1,1.28649687767029,183.762788772583,208.798170089722,50.0302314758301,258.828401565552,Conflict,Right,Left,Left,Left,Right,0,1,0,1,1,0,0,1,0,1,1,0,1,1,0,1,0,1,1,34,14,20260721_t1530_srsSmooth_training_B001,34,14,2.03703605731328,1.57080245018005,2,2,114,1,0,0,1,1,1
20260721_t1530_srsSmooth_training,srs_smooth_training,trial0038.mat,38,38,34,1,38,34,100,80,20,8,2,1,6,2,44,8057,2,0,2,1,2,1,2,1,1,2,CHOSE_LOW_SAL,2,455,1,0,0,0,1,0,82,136,136,82,-54,82,1,0,15.7411576033534,174.258842396647,15.7411576033534,174.258842396647,-158.517684793293,158.517684793293,NaN,NaN,NaN,1784662413.92537,19026.95329808,1.90171384811401,0.015362024307251,0.174115896224976,0.957545518875122,0.973731994628906,1.22421622276306,1.27419257164001,1.27419257164001,-1,-1,1.51760983467102,158.753871917725,250.484228134155,49.9763488769531,300.460577011108,Congruent,Left,Right,Left,Right,Right,0,1,1,0,1,0,1,0,0,1,0,1,1,0,1,1,0,0,1,35,15,20260721_t1530_srsSmooth_training_B001,35,15,2.09235266049703,1.58186626434326,2,2,150,1,1,0,0,1,1
20260721_t1530_srsSmooth_training,srs_smooth_training,trial0039.mat,39,39,35,1,39,35,100,80,20,8,2,1,5,2,30,5044,2,0,1,2,2,2,2,2,2,2,CHOSE_HIGH_SAL,1,455,1,0,0,0,1,0,100,136,136,100,-36,136,1,180,190.140109467596,359.859890532404,10.1401094675963,179.859890532404,-169.719781064807,169.719781064807,NaN,NaN,NaN,1784662417.39207,19030.41990456,1.92648863792419,0.0154564380645752,0.216235876083374,0.949671030044556,0.965493440628052,1.19964265823364,1.2413592338562,1.2413592338562,-1,-1,1.49299383163452,200.779438018799,234.149217605591,41.7165756225586,275.865793228149,Congruent,Right,Left,Left,Left,Left,0,1,1,0,1,0,0,1,1,1,1,0,0,1,0,0,0,0,1,36,16,20260721_t1530_srsSmooth_training_B001,36,16,2.15013110637665,1.56499290466309,1,2,82,1,1,0,0,1,1
20260721_t1530_srsSmooth_training,srs_smooth_training,trial0040.mat,40,40,36,1,40,36,100,80,20,8,2,2,8,2,95,30371,2,0,2,1,2,1,1,2,1,2,CHOSE_HIGH_SAL,1,455,1,0,0,0,1,0,92,138,138,92,-46,92,1,0,162.94084699563,27.0591530043705,162.940846995629,27.0591530043705,135.881693991259,135.881693991259,NaN,NaN,NaN,1784662420.9153,19033.94298744,1.58729934692383,0.0173633098602295,0.0181901454925537,0.559555292129517,0.575718402862549,0.851154804229736,0.901225805282593,0.901225805282593,-1,-1,1.19550275802612,0.826835632324219,275.436401367188,50.0710010528564,325.507402420044,Conflict,Left,Right,Left,Right,Left,0,1,0,1,1,0,1,0,1,1,0,1,0,0,1,0,0,1,1,37,17,20260721_t1530_srsSmooth_training_B001,37,17,2.20885160764058,1.59674143791199,2,2,136,1,1,0,0,1,1
20260721_t1530_srsSmooth_training,srs_smooth_training,trial0041.mat,41,41,37,1,41,37,100,80,20,8,2,2,7,2,79,11750,2,0,1,2,2,2,1,1,1,1,CHOSE_HIGH_SAL,1,455,1,0,0,0,1,0,74,126,126,74,-52,74,1,0,177.721399642653,12.2786003573474,177.721399642653,12.2786003573474,165.442799285305,165.442799285305,NaN,NaN,NaN,1784662424.06803,19037.09562004,1.62605619430542,0.0147635936737061,0.173673152923584,0.690316200256348,0.706457614898682,0.906927824020386,0.957063436508179,0.957063436508179,-1,-1,1.25104403495789,158.909559249878,200.470209121704,50.135612487793,250.605821609497,Conflict,Right,Left,Right,Left,Right,0,1,0,1,1,1,1,0,1,0,0,1,0,1,0,1,0,1,1,38,18,20260721_t1530_srsSmooth_training_B001,38,18,2.26139696836472,1.56542229652405,1,2,92,1,0,1,1,0,1
20260721_t1530_srsSmooth_training,srs_smooth_training,trial0042.mat,42,42,38,1,42,38,100,80,20,8,2,1,5,2,40,26417,2,0,1,2,2,2,2,2,1,1,CHOSE_LOW_SAL,2,455,1,0,0,0,1,0,76,138,138,76,-62,76,1,180,273.01532630691,276.98467369309,93.0153263069097,96.9846736930903,-3.96934738618052,3.96934738618052,NaN,NaN,NaN,1784662427.26227,19040.2898336,1.63221669197083,0.0123133659362793,0.212890625,0.738178968429565,0.754009485244751,0.988049745559692,1.03813529014587,1.03813529014587,-1,-1,1.25651931762695,200.577259063721,234.040260314941,50.0855445861816,284.125804901123,Congruent,Right,Left,Right,Left,Left,0,1,1,0,1,1,1,0,0,0,0,1,1,1,0,0,0,0,1,39,19,20260721_t1530_srsSmooth_training_B001,39,19,2.31463431914647,1.5681848526001,1,1,74,1,0,0,1,1,1
20260721_t1530_srsSmooth_training,srs_smooth_training,trial0043.mat,43,43,39,1,43,39,100,80,20,8,2,1,5,2,26,27418,2,0,1,2,2,2,2,2,1,1,CHOSE_LOW_SAL,2,455,1,0,0,0,1,0,87,126,126,87,-39,87,1,180,258.719598216617,291.280401783383,78.719598216617,111.280401783383,-32.5608035667659,32.5608035667659,NaN,NaN,NaN,1784662430.45147,19043.47903312,1.47561502456665,0.0149030685424805,0.0155959129333496,0.532016277313232,0.548257350921631,0.757019758224487,0.807055234909058,0.807055234909058,-1,-1,1.09213137626648,0.692844390869141,208.762407302856,50.0354766845703,258.797883987427,Congruent,Right,Left,Right,Left,Left,0,1,1,0,1,1,1,0,0,0,0,1,1,1,0,0,0,0,1,40,20,20260721_t1530_srsSmooth_training_B001,40,20,2.36778767506282,1.55698466300964,1,1,76,1,0,0,1,1,1
20260721_t1530_srsSmooth_training,srs_smooth_training,trial0044.mat,44,44,40,1,44,40,100,80,20,8,2,1,5,2,32,9281,2,0,1,2,2,2,2,2,1,1,CHOSE_LOW_SAL,2,455,1,0,0,0,1,0,85,142,142,85,-57,85,1,180,209.822615223983,340.177384776017,29.8226152239832,160.177384776017,-130.354769552034,130.354769552034,NaN,NaN,NaN,1784662433.48571,19046.51330308,1.71737265586853,0.0141115188598633,0.189568281173706,0.82284951210022,0.839144468307495,1.06475853919983,1.11479330062866,1.11479330062866,-1,-1,1.33343601226807,175.456762313843,225.614070892334,50.034761428833,275.648832321167,Congruent,Right,Left,Right,Left,Left,0,1,1,0,1,1,1,0,0,0,0,1,1,1,0,0,0,0,1,41,21,20260721_t1530_srsSmooth_training_B001,41,21,2.4183583855629,1.55862760543823,1,1,87,1,0,0,1,1,1
20260721_t1530_srsSmooth_training,srs_smooth_training,trial0045.mat,45,45,41,1,45,41,100,80,20,8,2,1,6,2,57,20279,2,0,2,1,2,1,2,1,2,1,CHOSE_HIGH_SAL,1,455,1,0,0,0,1,0,65,97,97,65,-32,97,1,0,28.1017470618172,161.898252938183,28.1017470618172,161.898252938183,-133.796505876366,133.796505876366,NaN,NaN,NaN,1784662436.75912,19049.78660196,1.74376773834229,0.0158276557922363,0.0166075229644775,0.724825620651245,0.74085545539856,1.00806736946106,1.04954791069031,1.04954791069031,-1,-1,1.34287714958191,0.779867172241211,267.2119140625,41.480541229248,308.692455291748,Congruent,Left,Right,Right,Right,Right,0,1,1,0,1,1,0,1,1,0,1,0,0,0,1,1,0,0,1,42,22,20260721_t1530_srsSmooth_training_B001,42,22,2.47291525204976,1.55603933334351,1,1,85,1,1,0,0,1,1
20260721_t1530_srsSmooth_training,srs_smooth_training,trial0046.mat,46,46,42,1,46,42,100,80,20,8,2,2,8,2,92,14955,2,0,2,1,2,1,1,2,2,1,CHOSE_LOW_SAL,2,455,1,0,0,0,1,0,77,132,132,77,-55,132,1,180,338.905977936678,211.094022063322,158.905977936678,31.0940220633218,127.811955873356,127.811955873356,NaN,NaN,NaN,1784662440.06561,19053.09306588,1.70461463928223,0.0178005695343018,0.0185575485229492,0.69351053237915,0.709494829177856,0.943702220916748,0.993446826934814,0.993446826934814,-1,-1,1.27093005180359,0.756978988647461,234.207391738892,49.7446060180664,283.951997756958,Conflict,Left,Right,Right,Right,Left,0,1,0,1,1,1,0,1,0,0,1,0,1,0,1,0,0,1,1,43,23,20260721_t1530_srsSmooth_training_B001,43,23,2.52802339792252,1.56272101402283,2,1,97,1,0,0,1,1,1
20260721_t1530_srsSmooth_training,srs_smooth_training,trial0047.mat,47,47,43,1,47,43,100,80,20,8,2,1,5,2,34,24064,2,0,1,2,2,2,2,2,0,0,,0,11,0,1,0,0,1,0,85,116,116,85,-31,NaN,1,0,50.0741991178062,139.925800882194,50.0741991178062,139.925800882194,-89.8516017643875,89.8516017643875,NaN,NaN,NaN,1784662443.35981,19056.38708964,0.225993633270264,0.0154006481170654,0.0163369178771973,-1,-1,-1,-1,-1,-1,-1,-1,0.936269760131836,NaN,NaN,NaN,Congruent,Right,Left,None,Left,Left,0,1,1,0,0,NaN,NaN,NaN,NaN,NaN,NaN,NaN,NaN,1,0,0,0,0,0,43,NaN,20260721_t1530_srsSmooth_training_B001,NaN,NaN,2.58292664686839,1.58958029747009,NaN,NaN,NaN,0,NaN,NaN,NaN,NaN,0
20260721_t1530_srsSmooth_training,srs_smooth_training,trial0048.mat,48,48,43,1,48,43,100,80,20,8,2,2,7,2,66,9164,2,0,1,2,2,2,1,1,1,1,CHOSE_HIGH_SAL,1,455,1,0,0,0,1,0,70,137,137,70,-67,70,1,0,174.929606897757,15.070393102243,174.929606897757,15.070393102243,159.859213795514,159.859213795514,NaN,NaN,NaN,1784662445.03814,19058.0652802,1.69845771789551,0.0121362209320068,0.179475069046021,0.729371309280396,0.745498418807983,0.971228361129761,1.02134418487549,1.02134418487549,-1,-1,1.33142399787903,167.338848114014,225.729942321777,50.1158237457275,275.845766067505,Conflict,Right,Left,Right,Left,Right,0,1,0,1,1,1,1,0,1,0,0,1,0,1,0,1,0,1,1,44,24,20260721_t1530_srsSmooth_training_B001,44,24,2.61089880466461,1.45233583450317,2,1,132,1,1,0,0,1,1
20260721_t1530_srsSmooth_training,srs_smooth_training,trial0049.mat,49,49,44,1,49,44,100,80,20,8,2,2,7,2,65,26483,2,0,1,2,2,2,1,1,2,2,CHOSE_LOW_SAL,2,455,1,0,0,0,1,0,90,129,129,90,-39,129,1,0,123.183349917796,66.8166500822044,123.183349917796,66.8166500822044,56.3666998355911,56.3666998355911,NaN,NaN,NaN,1784662448.29955,19061.32678564,1.8624370098114,0.0175137519836426,0.0678539276123047,0.86811900138855,0.884214162826538,1.0765380859375,1.12660765647888,1.12660765647888,-1,-1,1.43667411804199,50.3401756286621,192.323923110962,50.0695705413818,242.393493652344,Conflict,Right,Left,Left,Left,Right,0,1,0,1,1,0,0,1,0,1,1,0,1,1,0,1,0,1,1,45,25,20260721_t1530_srsSmooth_training_B001,45,25,2.66525576114655,1.56295967102051,1,1,70,1,1,1,0,0,1
20260721_t1530_srsSmooth_training,srs_smooth_training,trial0050.mat,50,50,45,1,50,45,100,80,20,8,2,1,6,2,42,9391,2,0,2,1,2,1,2,1,1,2,CHOSE_LOW_SAL,2,455,1,0,0,0,1,0,59,148,148,59,-89,59,1,0,24.4781262504037,165.521873749596,24.4781262504036,165.521873749596,-141.043747499193,141.043747499193,NaN,NaN,NaN,1784662451.72815,19064.7553632,1.73387432098389,0.014054536819458,0.172731637954712,0.814414501190186,0.830753326416016,1.05626320838928,1.09789514541626,1.09789514541626,-1,-1,1.37476563453674,158.677101135254,225.509881973267,41.6319370269775,267.141819000244,Congruent,Left,Right,Left,Right,Right,0,1,1,0,1,0,1,0,0,1,0,1,1,0,1,1,0,0,1,46,26,20260721_t1530_srsSmooth_training_B001,46,26,2.72239896853765,1.56615543365479,2,2,129,1,1,0,0,1,1
20260721_t1530_srsSmooth_training,srs_smooth_training,trial0051.mat,51,51,46,1,51,46,100,80,20,8,2,2,7,2,75,10853,2,0,1,2,2,2,1,1,1,1,CHOSE_HIGH_SAL,1,455,1,0,0,0,1,0,77,132,132,77,-55,77,1,180,355.437782505558,194.562217494442,175.437782505558,14.5622174944425,160.875565011115,160.875565011115,NaN,NaN,NaN,1784662455.01849,19068.04550488,1.95254254341125,0.0155074596405029,0.191214084625244,0.96624231338501,0.982212543487549,1.25795674324036,1.30756235122681,1.30756235122681,-1,-1,1.57655787467957,175.706624984741,275.744199752808,49.6056079864502,325.349807739258,Conflict,Right,Left,Right,Left,Right,0,1,0,1,1,1,1,0,1,0,0,1,0,1,0,1,0,1,1,47,27,20260721_t1530_srsSmooth_training_B001,47,27,2.77723800341288,1.55646777153015,1,2,59,1,0,1,1,0,1
20260721_t1530_srsSmooth_training,srs_smooth_training,trial0052.mat,52,52,47,1,52,47,100,80,20,8,2,1,5,2,37,4442,2,0,1,2,2,2,2,2,1,1,CHOSE_LOW_SAL,2,455,1,0,0,0,1,0,62,119,119,62,-57,62,1,0,28.6093922428776,161.390607757122,28.6093922428776,161.390607757122,-132.781215514245,132.781215514245,NaN,NaN,NaN,1784662458.524,19071.55099752,1.77933573722839,0.0184617042541504,0.268821954727173,0.852192878723145,0.868494749069214,1.0689001083374,1.11906909942627,1.11906909942627,-1,-1,1.42083024978638,250.360250473022,200.405359268188,50.1689910888672,250.574350357056,Congruent,Right,Left,Right,Left,Left,0,1,1,0,1,1,1,0,0,0,0,1,1,1,0,0,0,0,1,48,28,20260721_t1530_srsSmooth_training_B001,48,28,2.83566328287125,1.55297422409058,1,1,77,1,0,0,1,1,1
20260721_t1530_srsSmooth_training,srs_smooth_training,trial0053.mat,53,53,48,1,53,48,100,80,20,8,2,2,7,2,67,21790,2,0,1,2,2,2,1,1,2,2,CHOSE_LOW_SAL,2,455,1,0,0,0,1,0,92,127,127,92,-35,127,1,180,349.719363250805,200.280636749195,169.719363250805,20.280636749195,149.43872650161,149.43872650161,NaN,NaN,NaN,1784662461.87618,19074.90305648,1.93623876571655,0.0164127349853516,0.233572959899902,1.02533268928528,1.04145288467407,1.24204587936401,1.28366303443909,1.28366303443909,-1,-1,1.51064419746399,217.160224914551,200.592994689941,41.6171550750732,242.210149765015,Conflict,Right,Left,Left,Left,Right,0,1,0,1,1,0,0,1,0,1,1,0,1,1,0,1,0,1,1,49,29,20260721_t1530_srsSmooth_training_B001,49,29,2.89153294960658,1.57284426689148,1,1,62,1,1,1,0,0,1
20260721_t1530_srsSmooth_training,srs_smooth_training,trial0054.mat,54,54,49,1,54,49,100,80,20,8,2,1,6,2,48,32309,2,0,2,1,2,1,2,1,1,2,CHOSE_LOW_SAL,2,455,1,0,0,0,1,0,98,123,123,98,-25,98,1,180,190.22232357028,359.77767642972,10.2223235702801,179.77767642972,-169.55535285944,169.55535285944,NaN,NaN,NaN,1784662465.36902,19078.3959694,2.00198793411255,0.0153820514678955,0.182697772979736,0.982614517211914,0.998754501342773,1.27429604530334,1.32430028915405,1.32430028915405,-1,-1,1.60090684890747,167.315721511841,275.541543960571,50.004243850708,325.545787811279,Congruent,Left,Right,Left,Right,Right,0,1,1,0,1,0,1,0,0,1,0,1,1,0,1,1,0,0,1,50,30,20260721_t1530_srsSmooth_training_B001,50,30,2.94974683920542,1.55659461021423,2,2,127,1,1,0,0,1,1
20260721_t1530_srsSmooth_training,srs_smooth_training,trial0055.mat,55,55,50,1,55,50,100,80,20,8,2,2,8,2,84,15934,2,0,2,1,2,1,1,2,1,2,CHOSE_HIGH_SAL,1,455,1,0,0,0,1,0,105,143,143,105,-38,105,1,0,133.805929701368,56.1940702986324,133.805929701368,56.1940702986324,77.6118594027352,77.6118594027352,NaN,NaN,NaN,1784662468.92884,19081.95569104,1.86744379997253,0.0140366554260254,0.222877025604248,0.931337118148804,0.947406530380249,1.14814424514771,1.19787693023682,1.19787693023682,-1,-1,1.45823407173157,208.840370178223,200.737714767456,49.7326850891113,250.470399856567,Conflict,Left,Right,Left,Right,Left,0,1,0,1,1,0,1,0,1,1,0,1,0,0,1,0,0,1,1,51,31,20260721_t1530_srsSmooth_training_B001,51,31,3.0090771317482,1.55782961845398,1,2,98,1,0,0,1,1,1
20260721_t1530_srsSmooth_training,srs_smooth_training,trial0056.mat,56,56,51,1,56,51,100,80,20,8,2,2,8,2,91,21619,2,0,2,1,2,1,1,2,1,2,CHOSE_HIGH_SAL,1,455,1,0,0,0,1,0,108,139,139,108,-31,108,1,0,154.879921606676,35.1200783933238,154.879921606676,35.1200783933238,119.759843213352,119.759843213352,NaN,NaN,NaN,1784662472.37502,19085.40169072,1.98734617233276,0.0179827213287354,0.185146331787109,0.976746082305908,0.99302077293396,1.22675967216492,1.27677536010742,1.27677536010742,-1,-1,1.57858180999756,167.163610458374,233.738899230957,50.0156879425049,283.754587173462,Conflict,Left,Right,Left,Right,Left,0,1,0,1,1,0,1,0,1,1,0,1,0,0,1,0,0,1,1,52,32,20260721_t1530_srsSmooth_training_B001,52,32,3.06651361385981,1.57874512672424,1,2,105,1,0,0,1,1,1
20260721_t1530_srsSmooth_training,srs_smooth_training,trial0057.mat,57,57,52,1,57,52,100,80,20,8,2,2,8,2,82,12793,2,0,2,1,2,1,1,2,1,2,CHOSE_HIGH_SAL,1,455,1,0,0,0,1,0,73,123,123,73,-50,73,1,0,160.449863751923,29.5501362480765,160.449863751923,29.5501362480765,130.899727503847,130.899727503847,NaN,NaN,NaN,1784662475.94931,19088.97603192,1.88004899024963,0.0188391208648682,0.244228363037109,0.944206476211548,0.960543155670166,1.20272469520569,1.24430084228516,1.24430084228516,-1,-1,1.50471925735474,225.389242172241,242.181539535522,41.5761470794678,283.75768661499,Conflict,Left,Right,Left,Right,Left,0,1,0,1,1,0,1,0,1,1,0,1,0,0,1,0,0,1,1,53,33,20260721_t1530_srsSmooth_training_B001,53,33,3.12608501116435,1.58693766593933,1,2,108,1,0,0,1,1,1
20260721_t1530_srsSmooth_training,srs_smooth_training,trial0058.mat,58,58,53,1,58,53,100,80,20,8,2,1,5,2,33,23425,2,0,1,2,2,2,2,2,0,0,,0,11,0,1,0,0,1,0,91,156,156,91,-65,NaN,1,0,68.491479794101,121.508520205899,68.4914797941009,121.508520205899,-53.0170404117981,53.0170404117981,NaN,NaN,NaN,1784662479.3939,19092.4204666,0.0846083164215088,0.0160505771636963,0.0169527530670166,-1,-1,-1,-1,-1,-1,-1,-1,0.902175903320312,NaN,NaN,NaN,Congruent,Right,Left,None,Left,Left,0,1,1,0,0,NaN,NaN,NaN,NaN,NaN,NaN,NaN,NaN,1,0,0,0,0,0,53,NaN,20260721_t1530_srsSmooth_training_B001,NaN,NaN,3.18349483807882,1.56454062461853,NaN,NaN,NaN,0,NaN,NaN,NaN,NaN,0
20260721_t1530_srsSmooth_training,srs_smooth_training,trial0059.mat,59,59,53,1,59,53,100,80,20,8,2,1,5,2,25,10126,2,0,1,2,2,2,2,2,2,2,CHOSE_HIGH_SAL,1,455,1,0,0,0,1,0,82,113,113,82,-31,113,1,180,233.398945864207,316.601054135793,53.3989458642072,136.601054135793,-83.2021082715855,83.2021082715855,NaN,NaN,NaN,1784662481.01101,19094.03765336,1.97719192504883,0.0156643390655518,0.182880401611328,0.982730150222778,0.999036550521851,1.21613883972168,1.25779056549072,1.25779056549072,-1,-1,1.56816649436951,167.216062545776,217.102289199829,41.651725769043,258.754014968872,Congruent,Right,Left,Left,Left,Left,0,1,1,0,1,0,0,1,1,1,1,0,0,1,0,0,0,0,1,54,34,20260721_t1530_srsSmooth_training_B001,54,34,3.21044677098592,1.53250765800476,1,2,73,1,1,0,0,1,1
20260721_t1530_srsSmooth_training,srs_smooth_training,trial0060.mat,60,60,54,1,60,54,100,80,20,8,2,1,6,2,47,16340,2,0,2,1,2,1,2,1,1,2,CHOSE_LOW_SAL,2,455,1,0,0,0,1,0,86,138,138,86,-52,86,1,0,10.2893886903753,179.710611309625,10.2893886903753,179.710611309625,-169.421222619249,169.421222619249,NaN,NaN,NaN,1784662484.55966,19097.58598872,1.75357246398926,0.0171566009521484,0.242886066436768,0.834195375442505,0.850522518157959,1.08431887626648,1.13425445556641,1.13425445556641,-1,-1,1.36969709396362,225.729465484619,233.796358108521,49.9355792999268,283.731937408447,Congruent,Left,Right,Left,Right,Right,0,1,1,0,1,0,1,0,0,1,0,1,1,0,1,1,0,0,1,55,35,20260721_t1530_srsSmooth_training_B001,55,35,3.26959088643392,1.57145500183105,2,2,113,1,1,0,0,1,1
20260721_t1530_srsSmooth_training,srs_smooth_training,trial0061.mat,61,61,55,1,61,55,100,80,20,8,2,2,7,2,71,28611,2,0,1,2,2,2,1,1,0,0,,0,454,0,1,0,0,1,0,58,140,140,58,-82,NaN,1,0,176.006117496473,13.9938825035268,176.006117496473,13.9938825035267,162.012234992947,162.012234992947,NaN,NaN,NaN,1784662487.8771,19100.90346496,0.919458866119385,0.0165169239044189,0.0176935195922852,0.542373657226562,0.558204889297485,0.833892822265625,-1,-1,-1,-1,-1,1.17659568786621,275.68793296814,NaN,NaN,Conflict,Right,Left,None,Left,Right,0,1,0,1,0,NaN,NaN,NaN,NaN,NaN,NaN,NaN,NaN,1,0,1,0,1,0,55,NaN,20260721_t1530_srsSmooth_training_B001,NaN,NaN,3.3248814980189,1.56386423110962,NaN,NaN,NaN,0,NaN,NaN,NaN,NaN,0
20260721_t1530_srsSmooth_training,srs_smooth_training,trial0062.mat,62,62,55,1,62,55,100,80,20,8,2,1,5,2,39,20829,2,0,1,2,2,2,2,2,2,2,CHOSE_HIGH_SAL,1,455,1,0,0,0,1,0,79,124,124,79,-45,124,1,0,25.2708133872232,164.729186612777,25.2708133872232,164.729186612777,-139.458373225554,139.458373225554,NaN,NaN,NaN,1784662490.24361,19103.26998304,1.84558415412903,0.0167648792266846,0.184192895889282,0.925645589828491,0.941800832748413,1.15088176727295,1.20069193840027,1.20069193840027,-1,-1,1.41971445083618,167.428016662598,209.080934524536,49.8101711273193,258.891105651855,Congruent,Right,Left,Left,Left,Left,0,1,1,0,1,0,0,1,1,1,1,0,0,1,0,0,0,0,1,56,36,20260721_t1530_srsSmooth_training_B001,56,36,3.36432336568832,1.44705319404602,1,2,86,1,1,0,0,1,1
20260721_t1530_srsSmooth_training,srs_smooth_training,trial0063.mat,63,63,56,1,63,56,100,80,20,8,2,1,6,2,59,524,2,0,2,1,2,1,2,1,1,2,CHOSE_LOW_SAL,2,455,1,0,0,0,1,0,61,124,124,61,-63,61,1,0,46.2101485644013,143.789851435599,46.2101485644013,143.789851435599,-97.5797028711975,97.5797028711975,NaN,NaN,NaN,1784662493.69198,19106.7182426,1.88880085945129,0.0185320377349854,0.219064712524414,0.944120645523071,0.960235118865967,1.17741680145264,1.21937656402588,1.21937656402588,-1,-1,1.52971601486206,200.532674789429,217.18168258667,41.9597625732422,259.141445159912,Congruent,Left,Right,Left,Right,Right,0,1,1,0,1,0,1,0,0,1,0,1,1,0,1,1,0,0,1,57,37,20260721_t1530_srsSmooth_training_B001,57,37,3.42179615894953,1.60278344154358,2,2,124,1,1,0,0,1,1
20260721_t1530_srsSmooth_training,srs_smooth_training,trial0064.mat,64,64,57,1,64,57,100,80,20,8,2,1,6,2,58,26681,2,0,2,1,2,1,2,1,1,2,CHOSE_LOW_SAL,2,455,1,0,0,0,1,0,85,125,125,85,-40,85,1,0,76.9470379496734,113.052962050327,76.9470379496734,113.052962050327,-36.1059241006532,36.1059241006532,NaN,NaN,NaN,1784662497.14813,19110.17431128,1.87428832054138,0.0125105381011963,0.26328706741333,0.896701812744141,0.912546634674072,1.14663195610046,1.19668579101562,1.19668579101562,-1,-1,1.49051928520203,250.776529312134,234.085321426392,50.0538349151611,284.139156341553,Congruent,Left,Right,Left,Right,Right,0,1,1,0,1,0,1,0,0,1,0,1,1,0,1,1,0,0,1,58,38,20260721_t1530_srsSmooth_training_B001,58,38,3.47939876715342,1.56735563278198,1,2,61,1,0,0,1,1,1
20260721_t1530_srsSmooth_training,srs_smooth_training,trial0065.mat,65,65,58,1,65,58,100,80,20,8,2,1,5,2,33,23425,2,0,1,2,2,2,2,2,2,2,CHOSE_HIGH_SAL,1,455,1,0,0,0,1,0,67,153,153,67,-86,153,1,0,90.5621573795142,99.4378426204858,90.5621573795142,99.4378426204858,-8.87568524097162,8.87568524097162,NaN,NaN,NaN,1784662500.58367,19113.60985052,1.78849148750305,0.0187757015228271,0.10252046585083,0.786409378051758,0.802139759063721,1.03645062446594,1.0861964225769,1.0861964225769,-1,-1,1.33827424049377,83.7447643280029,234.310865402222,49.7457981109619,284.056663513184,Congruent,Right,Left,Left,Left,Left,0,1,1,0,1,0,0,1,1,1,1,0,0,1,0,0,0,0,1,59,39,20260721_t1530_srsSmooth_training_B001,59,39,3.53665771484375,1.5612485408783,1,2,85,1,1,0,0,1,1
20260721_t1530_srsSmooth_training,srs_smooth_training,trial0066.mat,66,66,59,1,66,59,100,80,20,8,2,1,6,2,45,22672,2,0,2,1,2,1,2,1,1,2,CHOSE_LOW_SAL,2,455,1,0,0,0,1,0,97,123,123,97,-26,97,1,180,222.039166642183,327.960833357817,42.0391666421826,147.960833357817,-105.921666715635,105.921666715635,NaN,NaN,NaN,1784662503.93687,19116.9629664,1.4522020816803,0.0157043933868408,0.0167770385742188,0.524642705917358,0.540724515914917,0.774807214736938,0.824793100357056,0.824793100357056,-1,-1,1.05141425132751,1.07264518737793,234.082698822021,49.9858856201172,284.068584442139,Congruent,Left,Right,Left,Right,Right,0,1,1,0,1,0,1,0,0,1,0,1,1,0,1,1,0,0,1,60,40,20260721_t1530_srsSmooth_training_B001,60,40,3.59254443645477,1.56471180915833,2,2,153,1,1,0,0,1,1
20260721_t1530_srsSmooth_training,srs_smooth_training,trial0067.mat,67,67,60,1,67,60,100,80,20,8,2,2,8,2,98,12640,2,0,2,1,2,1,1,2,1,2,CHOSE_HIGH_SAL,1,455,1,0,0,0,1,0,70,124,124,70,-54,70,1,0,115.595540867022,74.404459132978,115.595540867022,74.404459132978,41.191081734044,41.191081734044,NaN,NaN,NaN,1784662506.95247,19119.97858736,1.67845726013184,0.0168969631195068,0.250714778900146,0.808932065963745,0.825262308120728,1.05067586898804,1.09232568740845,1.09232568740845,-1,-1,1.31054306030273,233.81781578064,225.41356086731,41.6498184204102,267.06337928772,Conflict,Left,Right,Left,Right,Left,0,1,0,1,1,0,1,0,1,1,0,1,0,0,1,0,0,1,1,61,41,20260721_t1530_srsSmooth_training_B001,61,41,3.64280430873235,1.56339025497437,1,2,97,1,0,0,1,1,1
20260721_t1530_srsSmooth_training,srs_smooth_training,trial0068.mat,68,68,61,1,68,61,100,80,20,8,2,2,8,2,89,27156,2,0,2,1,2,1,1,2,1,2,CHOSE_HIGH_SAL,1,455,1,0,0,0,1,0,47,135,135,47,-88,47,1,0,179.113759069986,10.8862409300138,179.113759069986,10.8862409300138,168.227518139972,168.227518139972,NaN,NaN,NaN,1784662510.21499,19123.2408926,1.84143376350403,0.0128331184387207,0.221604108810425,0.963393926620483,0.979537963867188,1.16338872909546,1.21338438987732,1.21338438987732,-1,-1,1.49024367332458,208.770990371704,183.850765228271,49.9956607818604,233.846426010132,Conflict,Left,Right,Left,Right,Left,0,1,0,1,1,0,1,0,1,1,0,1,0,0,1,0,0,1,1,62,42,20260721_t1530_srsSmooth_training_B001,62,42,3.69717972675959,1.58406782150269,1,2,70,1,0,0,1,1,1
20260721_t1530_srsSmooth_training,srs_smooth_training,trial0069.mat,69,69,62,1,69,62,100,80,20,8,2,2,8,2,85,22940,2,0,2,1,2,1,1,2,2,1,CHOSE_LOW_SAL,2,455,1,0,0,0,1,0,84,141,141,84,-57,141,1,0,107.106139900244,82.893860099756,107.106139900244,82.893860099756,24.212279800488,24.212279800488,NaN,NaN,NaN,1784662513.63697,19126.6627566,1.81071519851685,0.0159847736358643,0.166781187057495,0.833266019821167,0.849350690841675,1.05825686454773,1.10824823379517,1.10824823379517,-1,-1,1.36838436126709,150.796413421631,208.906173706055,49.9913692474365,258.897542953491,Conflict,Left,Right,Right,Right,Left,0,1,0,1,1,1,0,1,0,0,1,0,1,0,1,0,0,1,1,63,43,20260721_t1530_srsSmooth_training_B001,63,43,3.75421278079351,1.58054947853088,1,2,47,1,1,1,0,0,1
20260721_t1530_srsSmooth_training,srs_smooth_training,trial0070.mat,70,70,63,1,70,63,100,80,20,8,2,2,8,2,88,30476,2,0,2,1,2,1,1,2,2,1,CHOSE_LOW_SAL,2,455,1,0,0,0,1,0,79,139,139,79,-60,139,1,0,149.560900150186,40.4390998498142,149.560900150186,40.4390998498142,109.121800300372,109.121800300372,NaN,NaN,NaN,1784662517.03125,19130.0569616,1.77510142326355,0.0135061740875244,0.0145280361175537,0.806023359298706,0.821871042251587,1.02266645431519,1.07251596450806,1.07251596450806,-1,-1,1.33240008354187,1.0218620300293,200.795412063599,49.8495101928711,250.64492225647,Conflict,Left,Right,Right,Right,Left,0,1,0,1,1,1,0,1,0,0,1,0,1,0,1,0,0,1,1,64,44,20260721_t1530_srsSmooth_training_B001,64,44,3.81078409353892,1.58356356620789,2,1,141,1,0,0,1,1,1
20260721_t1530_srsSmooth_training,srs_smooth_training,trial0071.mat,71,71,64,1,71,64,100,80,20,8,2,1,5,2,24,312,2,0,1,2,2,2,2,2,1,1,CHOSE_LOW_SAL,2,455,1,0,0,0,1,0,87,109,109,87,-22,87,1,0,44.7277393249515,145.272260675049,44.7277393249515,145.272260675049,-100.544521350097,100.544521350097,NaN,NaN,NaN,1784662520.34646,19133.3721714,1.56845879554749,0.0150938034057617,0.132360696792603,0.682533264160156,0.698453426361084,0.915949583053589,0.96600079536438,0.96600079536438,-1,-1,1.18444919586182,117.266893386841,217.496156692505,50.051212310791,267.547369003296,Congruent,Right,Left,Right,Left,Left,0,1,1,0,1,1,1,0,0,0,0,1,1,1,0,0,0,0,1,65,45,20260721_t1530_srsSmooth_training_B001,65,45,3.86603758335114,1.54010796546936,2,1,139,1,1,0,0,1,1
20260721_t1530_srsSmooth_training,srs_smooth_training,trial0072.mat,72,72,65,1,72,65,100,80,20,8,2,1,5,2,34,24064,2,0,1,2,2,2,2,2,0,0,,0,454,0,1,0,0,1,0,70,152,152,70,-82,NaN,1,180,212.360241166648,337.639758833352,32.3602411666481,157.639758833352,-125.279517666704,125.279517666704,NaN,NaN,NaN,1784662523.57238,19136.59804592,1.1090362071991,0.0142982006072998,0.27314829826355,0.781874179840088,0.797662019729614,1.02334690093994,-1,-1,-1,-1,-1,258.85009765625,225.684881210327,NaN,NaN,Congruent,Right,Left,None,Left,Left,0,1,1,0,0,NaN,NaN,NaN,NaN,NaN,NaN,NaN,NaN,1,0,0,0,0,0,65,NaN,20260721_t1530_srsSmooth_training_B001,NaN,NaN,3.91980295976003,1.65746378898621,NaN,NaN,NaN,0,NaN,NaN,NaN,NaN,0
20260721_t1530_srsSmooth_training,srs_smooth_training,trial0073.mat,73,73,65,1,73,65,100,80,20,8,2,1,6,2,53,22784,2,0,2,1,2,1,2,1,2,1,CHOSE_HIGH_SAL,1,455,1,0,0,0,1,0,103,120,120,103,-17,120,1,0,13.9573446129352,176.042655387065,13.9573446129353,176.042655387065,-162.08531077413,162.08531077413,NaN,NaN,NaN,1784662526.08244,19139.10818092,1.90784955024719,0.0126769542694092,0.205173015594482,0.996803998947144,1.01271605491638,1.20514798164368,1.25510692596436,1.25510692596436,-1,-1,1.48974752426147,192.496061325073,192.431926727295,49.9589443206787,242.390871047974,Congruent,Left,Right,Right,Right,Right,0,1,1,0,1,1,0,1,1,0,1,0,0,0,1,1,0,0,1,66,46,20260721_t1530_srsSmooth_training_B001,66,46,3.9616371790568,1.4010169506073,1,1,87,1,1,0,0,1,1
20260721_t1530_srsSmooth_training,srs_smooth_training,trial0074.mat,74,74,66,1,74,66,100,80,20,8,2,1,5,2,27,9219,2,0,1,2,2,2,2,2,1,1,CHOSE_LOW_SAL,2,455,1,0,0,0,1,0,90,131,131,90,-41,90,1,0,14.217368974809,175.782631025191,14.217368974809,175.782631025191,-161.565262050382,161.565262050382,NaN,NaN,NaN,1784662529.55756,19142.58322164,1.66552734375,0.0126907825469971,0.171488761901855,0.779946088790894,0.796054840087891,1.01328587532043,1.05482864379883,1.05482864379883,-1,-1,1.27372336387634,158.797979354858,217.231035232544,41.5427684783936,258.773803710938,Congruent,Right,Left,Right,Left,Left,0,1,1,0,1,1,1,0,0,0,0,1,1,1,0,0,0,0,1,67,47,20260721_t1530_srsSmooth_training_B001,67,47,4.01955589850744,1.56727361679077,2,1,120,1,1,0,0,1,1
20260721_t1530_srsSmooth_training,srs_smooth_training,trial0075.mat,75,75,67,1,75,67,100,80,20,8,2,1,6,2,51,25117,2,0,2,1,2,1,2,1,2,1,CHOSE_HIGH_SAL,1,455,1,0,0,0,1,0,59,139,139,59,-80,139,1,0,61.5815453302135,128.418454669787,61.5815453302135,128.418454669787,-66.8369093395731,66.8369093395731,NaN,NaN,NaN,1784662532.85238,19145.87786688,1.78788757324219,0.0180063247680664,0.126739263534546,0.743446350097656,0.759701251983643,0.985169887542725,1.03520536422729,1.03520536422729,-1,-1,1.34526419639587,108.732938766479,225.468635559082,50.0354766845703,275.504112243652,Congruent,Left,Right,Right,Right,Right,0,1,1,0,1,1,0,1,1,0,1,0,0,0,1,1,0,0,1,68,48,20260721_t1530_srsSmooth_training_B001,68,48,4.07446947097778,1.62928700447083,1,1,90,1,1,0,0,1,1
20260721_t1530_srsSmooth_training,srs_smooth_training,trial0076.mat,76,76,68,1,76,68,100,80,20,8,2,1,6,2,55,9254,2,0,2,1,2,1,2,1,2,1,CHOSE_HIGH_SAL,1,455,1,0,0,0,1,0,99,119,119,99,-20,119,1,180,245.673989295311,304.326010704689,65.673989295311,124.326010704689,-58.652021409378,58.652021409378,NaN,NaN,NaN,1784662536.35998,19149.3855168,1.62176632881165,0.0105431079864502,0.011343240737915,0.636085271835327,0.65223503112793,0.861032485961914,0.910989284515381,0.910989284515381,-1,-1,1.20447301864624,0.800132751464844,208.797454833984,49.9567985534668,258.754253387451,Congruent,Left,Right,Right,Right,Right,0,1,1,0,1,1,0,1,1,0,1,0,0,0,1,1,0,0,1,69,49,20260721_t1530_srsSmooth_training_B001,69,49,4.13292947610219,1.71971273422241,2,1,139,1,0,0,1,1,1
20260721_t1530_srsSmooth_training,srs_smooth_training,trial0077.mat,77,77,69,1,77,69,100,80,20,8,2,2,7,2,73,30522,2,0,1,2,2,2,1,1,0,0,,0,454,0,1,0,0,1,0,77,116,116,77,-39,NaN,1,180,334.76562900562,215.23437099438,154.76562900562,35.2343709943797,119.531258011241,119.531258011241,NaN,NaN,NaN,1784662539.62358,19152.6490536,1.10804486274719,0.0137336254119873,0.18085765838623,0.88922905921936,0.905435800552368,1.0392472743988,-1,-1,-1,-1,-1,167.124032974243,133.811473846436,NaN,NaN,Conflict,Right,Left,None,Left,Right,0,1,0,1,0,NaN,NaN,NaN,NaN,NaN,NaN,NaN,NaN,1,0,1,0,1,0,69,NaN,20260721_t1530_srsSmooth_training_B001,NaN,NaN,4.18732288281123,1.64183807373047,NaN,NaN,NaN,0,NaN,NaN,NaN,NaN,0
20260721_t1530_srsSmooth_training,srs_smooth_training,trial0078.mat,78,78,69,1,78,69,100,80,20,8,2,1,5,2,29,17417,2,0,1,2,2,2,2,2,1,1,CHOSE_LOW_SAL,2,455,1,0,0,0,1,0,83,125,125,83,-42,83,1,0,21.0283159469911,168.971684053009,21.0283159469911,168.971684053009,-147.943368106018,147.943368106018,NaN,NaN,NaN,1784662542.14916,19155.17449772,1.94119381904602,0.0132553577423096,0.213909149169922,0.972445011138916,0.988293409347534,1.2391562461853,1.28071236610413,1.28071236610413,-1,-1,1.55727338790894,200.653791427612,250.862836837769,41.5561199188232,292.418956756592,Congruent,Right,Left,Right,Left,Left,0,1,1,0,1,1,1,0,0,0,0,1,1,1,0,0,0,0,1,70,50,20260721_t1530_srsSmooth_training_B001,70,50,4.22941583792369,1.41753244400024,2,1,119,1,1,0,0,1,1
20260721_t1530_srsSmooth_training,srs_smooth_training,trial0079.mat,79,79,70,1,79,70,100,80,20,8,2,2,8,2,93,13712,2,0,2,1,2,1,1,2,2,1,CHOSE_LOW_SAL,2,455,1,0,0,0,1,0,80,123,123,80,-43,123,1,0,119.467663598753,70.5323364012468,119.467663598753,70.5323364012468,48.9353271975064,48.9353271975064,NaN,NaN,NaN,1784662545.67687,19158.70211732,1.6719114780426,0.0106780529022217,0.194520235061646,0.719711303710938,0.73570704460144,0.9612717628479,1.01127147674561,1.01127147674561,-1,-1,1.2463743686676,183.842182159424,225.56471824646,49.9997138977051,275.564432144165,Conflict,Left,Right,Right,Right,Left,0,1,0,1,1,1,0,1,0,0,1,0,1,0,1,0,0,1,1,71,51,20260721_t1530_srsSmooth_training_B001,71,51,4.2882110953331,1.5865216255188,1,1,83,1,1,0,0,1,1
20260721_t1530_srsSmooth_training,srs_smooth_training,trial0080.mat,80,80,71,1,80,71,100,80,20,8,2,2,7,2,72,6148,2,0,1,2,2,2,1,1,1,1,CHOSE_HIGH_SAL,1,455,1,0,0,0,1,0,49,167,167,49,-118,49,1,180,327.366504227238,222.633495772762,147.366504227238,42.6334957727622,104.733008454476,104.733008454476,NaN,NaN,NaN,1784662548.90868,19161.93386392,1.72330403327942,0.0123317241668701,0.013084888458252,0.804808616638184,0.820697069168091,1.05440473556519,1.10468983650208,1.10468983650208,-1,-1,1.37284660339355,0.753164291381836,233.707666397095,50.2851009368896,283.992767333984,Conflict,Right,Left,Right,Left,Right,0,1,0,1,1,1,1,0,1,0,0,1,0,1,0,1,0,1,1,72,52,20260721_t1530_srsSmooth_training_B001,72,52,4.34207452932994,1.55989456176758,2,1,123,1,1,0,0,1,1
20260721_t1530_srsSmooth_training,srs_smooth_training,trial0081.mat,81,81,72,1,81,72,100,80,20,8,2,1,6,2,60,7024,2,0,2,1,2,1,2,1,2,1,CHOSE_HIGH_SAL,1,455,1,0,0,0,1,0,88,119,119,88,-31,119,1,0,25.8692060623943,164.130793937606,25.8692060623943,164.130793937606,-138.261587875211,138.261587875211,NaN,NaN,NaN,1784662552.20551,19165.23066072,1.79374170303345,0.0156259536743164,0.216511726379395,0.766510009765625,0.782323122024536,1.04121041297913,1.09109950065613,1.09109950065613,-1,-1,1.37655162811279,200.885772705078,258.88729095459,49.889087677002,308.776378631592,Congruent,Left,Right,Right,Right,Right,0,1,1,0,1,1,0,1,1,0,1,0,0,0,1,1,0,0,1,73,53,20260721_t1530_srsSmooth_training_B001,73,53,4.39702177842458,1.57353091239929,1,1,49,1,1,0,0,1,1
20260721_t1530_srsSmooth_training,srs_smooth_training,trial0082.mat,82,82,73,1,82,73,100,80,20,8,2,1,6,2,49,29651,2,0,2,1,2,1,2,1,2,1,CHOSE_HIGH_SAL,1,455,1,0,0,0,1,0,69,142,142,69,-73,142,1,0,38.9482409058436,151.051759094156,38.9482409058436,151.051759094156,-112.103518188313,112.103518188313,NaN,NaN,NaN,1784662555.56844,19168.59356984,1.91435694694519,0.0111682415008545,0.220189571380615,0.911795616149902,0.927871227264404,1.13706183433533,1.19495344161987,1.19495344161987,-1,-1,1.47207570075989,209.021329879761,209.190607070923,57.8916072845459,267.082214355469,Congruent,Left,Right,Right,Right,Right,0,1,1,0,1,1,0,1,1,0,1,0,0,0,1,1,0,0,1,74,54,20260721_t1530_srsSmooth_training_B001,74,54,4.45307047367096,1.56918001174927,2,1,119,1,0,0,1,1,1
20260721_t1530_srsSmooth_training,srs_smooth_training,trial0083.mat,83,83,74,1,83,74,100,80,20,8,2,2,8,2,99,17500,2,0,2,1,2,1,1,2,2,1,CHOSE_LOW_SAL,2,455,1,0,0,0,1,0,55,123,123,55,-68,123,1,180,355.346559854865,194.653440145135,175.346559854865,14.6534401451348,160.69311970973,160.69311970973,NaN,NaN,NaN,1784662559.05259,19172.07759368,1.73025250434875,0.0188186168670654,0.227936029434204,0.744681358337402,0.760513305664062,0.99436354637146,1.04430174827576,1.04430174827576,-1,-1,1.30447793006897,209.117412567139,233.850240707397,49.9382019042969,283.788442611694,Conflict,Left,Right,Right,Right,Left,0,1,0,1,1,1,0,1,0,0,1,0,1,0,1,0,0,1,1,75,55,20260721_t1530_srsSmooth_training_B001,75,55,4.51113968690236,1.56979584693909,2,1,142,1,0,0,1,1,1
20260721_t1530_srsSmooth_training,srs_smooth_training,trial0084.mat,84,84,75,1,84,75,100,80,20,8,2,1,6,2,41,21885,2,0,2,1,2,1,2,1,2,1,CHOSE_HIGH_SAL,1,455,1,0,0,0,1,0,77,104,104,77,-27,104,1,0,16.5802666847761,173.419733315224,16.5802666847761,173.419733315224,-156.839466630448,156.839466630448,NaN,NaN,NaN,1784662562.34523,19175.37024884,1.76251029968262,0.017970085144043,0.293424367904663,0.82674765586853,0.843001842498779,1.07689666748047,1.12722754478455,1.12722754478455,-1,-1,1.36227130889893,275.45428276062,233.894824981689,50.3308773040771,284.225702285767,Congruent,Left,Right,Right,Right,Right,0,1,1,0,1,1,0,1,1,0,1,0,0,0,1,1,0,0,1,76,56,20260721_t1530_srsSmooth_training_B001,76,56,4.56601705948512,1.56238985061646,2,1,123,1,0,0,1,1,1
20260721_t1530_srsSmooth_training,srs_smooth_training,trial0085.mat,85,85,76,1,85,76,100,80,20,8,2,2,7,2,73,30522,2,0,1,2,2,2,1,1,1,1,CHOSE_HIGH_SAL,1,455,1,0,0,0,1,0,90,125,125,90,-35,90,1,180,330.856539059442,219.143460940558,150.856539059442,39.143460940558,111.713078118884,111.713078118884,NaN,NaN,NaN,1784662565.67082,19178.69576728,1.86227083206177,0.0175125598907471,0.217916011810303,0.901350021362305,0.917547702789307,1.15959596633911,1.20134830474854,1.20134830474854,-1,-1,1.46959614753723,200.403451919556,242.048263549805,41.7523384094238,283.800601959229,Conflict,Right,Left,Right,Left,Right,0,1,0,1,1,1,1,0,1,0,0,1,0,1,0,1,0,1,1,77,57,20260721_t1530_srsSmooth_training_B001,77,57,4.62144350210826,1.56307625770569,2,1,104,1,1,0,0,1,1
20260721_t1530_srsSmooth_training,srs_smooth_training,trial0086.mat,86,86,77,1,86,77,100,80,20,8,2,2,8,2,81,2727,2,0,2,1,2,1,1,2,0,0,,0,454,0,1,0,0,1,0,97,132,132,97,-35,NaN,1,180,358.908102099417,191.091897900583,178.908102099417,11.0918979005834,167.816204198833,167.816204198833,NaN,NaN,NaN,1784662569.07663,19182.10139364,1.18976473808289,0.0118329524993896,0.245604753494263,0.862700223922729,0.878532886505127,1.10425758361816,-1,-1,-1,-1,-1,233.771800994873,225.724697113037,NaN,NaN,Conflict,Left,Right,None,Right,Left,0,1,0,1,0,NaN,NaN,NaN,NaN,NaN,NaN,NaN,NaN,0,1,0,0,1,0,77,NaN,20260721_t1530_srsSmooth_training_B001,NaN,NaN,4.67820703188578,1.54354095458984,NaN,NaN,NaN,0,NaN,NaN,NaN,NaN,0
20260721_t1530_srsSmooth_training,srs_smooth_training,trial0087.mat,87,87,77,1,87,77,100,80,20,8,2,2,7,2,71,28611,2,0,1,2,2,2,1,1,1,1,CHOSE_HIGH_SAL,1,455,1,0,0,0,1,0,66,138,138,66,-72,66,1,0,149.9618455172,40.0381544828005,149.9618455172,40.0381544828005,109.923691034399,109.923691034399,NaN,NaN,NaN,1784662571.66052,19184.6852988,1.58900928497314,0.0197091102600098,0.178427696228027,0.728662729263306,0.744737148284912,0.945442199707031,0.986857175827026,0.986857175827026,-1,-1,1.22177052497864,158.718585968018,200.705051422119,41.4149761199951,242.120027542114,Conflict,Right,Left,Right,Left,Right,0,1,0,1,1,1,1,0,1,0,0,1,0,1,0,1,0,1,1,78,58,20260721_t1530_srsSmooth_training_B001,78,58,4.72127187649409,1.39412593841553,1,1,90,1,0,0,1,1,1
20260721_t1530_srsSmooth_training,srs_smooth_training,trial0088.mat,88,88,78,1,88,78,100,80,20,8,2,2,7,2,80,10954,2,0,1,2,2,2,1,1,1,1,CHOSE_HIGH_SAL,1,455,1,0,0,0,1,0,68,123,123,68,-55,68,1,0,132.501984800513,57.4980151994875,132.501984800513,57.4980151994875,75.003969601025,75.003969601025,NaN,NaN,NaN,1784662574.83263,19187.85739272,1.45097184181213,0.0143899917602539,0.0150303840637207,0.56524133682251,0.581078052520752,0.806948900222778,0.856904745101929,0.856904745101929,-1,-1,1.08399128913879,0.640392303466797,225.870847702026,49.9558448791504,275.826692581177,Conflict,Right,Left,Right,Left,Right,0,1,0,1,1,1,1,0,1,0,0,1,0,1,0,1,0,1,1,79,59,20260721_t1530_srsSmooth_training_B001,79,59,4.77414034207662,1.58309864997864,1,1,66,1,0,0,1,1,1
20260721_t1530_srsSmooth_training,srs_smooth_training,trial0089.mat,89,89,79,1,89,79,100,80,20,8,2,2,7,2,63,20712,2,0,1,2,2,2,1,1,1,1,CHOSE_HIGH_SAL,1,455,1,0,0,0,1,0,78,118,118,78,-40,78,1,0,179.958125899674,10.0418741003255,179.958125899674,10.0418741003255,169.916251799349,169.916251799349,NaN,NaN,NaN,1784662577.87234,19190.89690488,1.83674883842468,0.0164649486541748,0.166913986206055,0.883520603179932,0.899832010269165,1.17519092559814,1.22519326210022,1.22519326210022,-1,-1,1.46112322807312,150.44903755188,275.358915328979,50.0023365020752,325.361251831055,Conflict,Right,Left,Right,Left,Right,0,1,0,1,1,1,1,0,1,0,0,1,0,1,0,1,0,1,1,80,60,20260721_t1530_srsSmooth_training_B001,80,60,4.82480216026306,1.58873724937439,1,1,68,1,0,0,1,1,1
20260721_t1530_srsSmooth_training,srs_smooth_training,trial0090.mat,90,90,80,1,90,80,100,80,20,8,2,1,5,2,36,5967,2,0,1,2,2,2,2,2,0,0,,0,454,0,1,0,0,1,0,60,122,122,60,-62,NaN,1,180,196.641054119791,353.358945880209,16.6410541197914,173.358945880209,-156.717891760417,156.717891760417,NaN,NaN,NaN,1784662581.26473,19194.28923572,1.14427638053894,0.0158698558807373,0.191817998886108,0.774896860122681,0.790899991989136,1.05801129341125,-1,-1,-1,-1,-1,175.948143005371,267.111301422119,NaN,NaN,Congruent,Right,Left,None,Left,Left,0,1,1,0,0,NaN,NaN,NaN,NaN,NaN,NaN,NaN,NaN,1,0,0,0,0,0,80,NaN,20260721_t1530_srsSmooth_training_B001,NaN,NaN,4.88134202957153,1.55564332008362,NaN,NaN,NaN,0,NaN,NaN,NaN,NaN,0
20260721_t1530_srsSmooth_training,srs_smooth_training,trial0091.mat,91,91,80,1,91,80,100,80,20,8,2,2,8,2,83,7843,2,0,2,1,2,1,1,2,2,1,CHOSE_LOW_SAL,2,455,1,0,0,0,1,0,62,133,133,62,-71,133,1,0,135.923120676971,54.0768793230293,135.923120676971,54.0768793230293,81.8462413539414,81.8462413539414,NaN,NaN,NaN,1784662583.80257,19196.82707564,1.90630507469177,0.0114552974700928,0.212088346481323,0.8956298828125,0.911490440368652,1.14570736885071,1.19547486305237,1.19547486305237,-1,-1,1.47267198562622,200.63304901123,234.216928482056,49.7674942016602,283.984422683716,Conflict,Left,Right,Right,Right,Left,0,1,0,1,1,1,0,1,0,0,1,0,1,0,1,0,0,1,1,81,61,20260721_t1530_srsSmooth_training_B001,81,61,4.92363945245743,1.39356899261475,1,1,78,1,1,0,0,1,1
20260721_t1530_srsSmooth_training,srs_smooth_training,trial0092.mat,92,92,81,1,92,81,100,80,20,8,2,1,5,2,21,6217,2,0,1,2,2,2,2,2,1,1,CHOSE_LOW_SAL,2,455,1,0,0,0,1,0,96,113,113,96,-17,96,1,180,237.135428369606,312.864571630394,57.1354283696057,132.864571630394,-75.7291432607885,75.7291432607885,NaN,NaN,NaN,1784662587.2848,19200.30931352,1.52333235740662,0.012692928314209,0.0133106708526611,0.588071823120117,0.604382038116455,0.829748153686523,0.879809141159058,0.879809141159058,-1,-1,1.13162064552307,0.617742538452148,225.366115570068,50.0609874725342,275.427103042603,Congruent,Right,Left,Right,Left,Left,0,1,1,0,1,1,1,0,0,0,0,1,1,1,0,0,0,0,1,82,62,20260721_t1530_srsSmooth_training_B001,82,62,4.98167662620544,1.57592535018921,2,1,133,1,1,0,0,1,1
20260721_t1530_srsSmooth_training,srs_smooth_training,trial0093.mat,93,93,82,1,93,82,100,80,20,8,2,2,7,2,69,17838,2,0,1,2,2,2,1,1,1,1,CHOSE_HIGH_SAL,1,455,1,0,0,0,1,0,58,134,134,58,-76,58,1,180,342.510642714337,207.489357285663,162.510642714337,27.4893572856629,135.021285428674,135.021285428674,NaN,NaN,NaN,1784662590.39118,19203.41556772,1.87670731544495,0.0147678852081299,0.256864786148071,0.957274675369263,0.973137855529785,1.20723295211792,1.25725483894348,1.25725483894348,-1,-1,1.51761937141418,242.096900939941,234.095096588135,50.0218868255615,284.116983413696,Conflict,Right,Left,Right,Left,Right,0,1,0,1,1,1,1,0,1,0,0,1,0,1,0,1,0,1,1,83,63,20260721_t1530_srsSmooth_training_B001,83,63,5.03344959417979,1.58304572105408,1,1,96,1,0,0,1,1,1
20260721_t1530_srsSmooth_training,srs_smooth_training,trial0094.mat,94,94,83,1,94,83,100,80,20,8,2,1,6,2,52,24470,2,0,2,1,2,1,2,1,2,1,CHOSE_HIGH_SAL,1,455,1,0,0,0,1,0,75,107,107,75,-32,107,1,0,67.3607964790924,122.639203520908,67.3607964790924,122.639203520908,-55.2784070418151,55.2784070418151,NaN,NaN,NaN,1784662593.83396,19206.8583396,1.67548966407776,0.0137910842895508,0.231145143508911,0.77254843711853,0.78882098197937,0.99761700630188,1.04757237434387,1.04757237434387,-1,-1,1.26601886749268,217.35405921936,208.79602432251,49.9553680419922,258.751392364502,Congruent,Left,Right,Right,Right,Right,0,1,1,0,1,1,0,1,1,0,1,0,0,0,1,1,0,0,1,84,64,20260721_t1530_srsSmooth_training_B001,84,64,5.09082919359207,1.56606864929199,1,1,58,1,1,0,0,1,1
20260721_t1530_srsSmooth_training,srs_smooth_training,trial0095.mat,95,95,84,1,95,84,100,80,20,8,2,2,7,2,76,20438,2,0,1,2,2,2,1,1,1,1,CHOSE_HIGH_SAL,1,455,1,0,0,0,1,0,77,131,131,77,-54,77,1,180,351.499112615045,198.500887384955,171.499112615045,18.5008873849548,152.99822523009,152.99822523009,NaN,NaN,NaN,1784662597.04858,19210.07281728,1.6613609790802,0.0159623622894287,0.0169625282287598,0.78316593170166,0.799325227737427,1.00009536743164,1.05827069282532,1.05827069282532,-1,-1,1.28568911552429,1.00016593933105,200.770139694214,58.1753253936768,258.945465087891,Conflict,Right,Left,Right,Left,Right,0,1,0,1,1,1,1,0,1,0,0,1,0,1,0,1,0,1,1,85,65,20260721_t1530_srsSmooth_training_B001,85,65,5.14440619150797,1.53913021087646,2,1,107,1,1,0,0,1,1
20260721_t1530_srsSmooth_training,srs_smooth_training,trial0096.mat,96,96,85,1,96,85,100,80,20,8,2,1,6,2,54,22194,2,0,2,1,2,1,2,1,2,1,CHOSE_HIGH_SAL,1,455,1,0,0,0,1,0,69,114,114,69,-45,114,1,180,243.745026373512,306.254973626488,63.745026373512,126.254973626488,-62.5099472529761,62.5099472529761,NaN,NaN,NaN,1784662600.259,19213.28310476,1.90093231201172,0.0139946937561035,0.181157827377319,0.939497470855713,0.955697536468506,1.1644811630249,1.21462869644165,1.21462869644165,-1,-1,1.48385334014893,167.163133621216,208.783626556396,50.147533416748,258.931159973145,Congruent,Left,Right,Right,Right,Right,0,1,1,0,1,1,0,1,1,0,1,0,0,0,1,1,0,0,1,86,66,20260721_t1530_srsSmooth_training_B001,86,66,5.19791326920191,1.54906368255615,1,1,77,1,1,0,0,1,1
20260721_t1530_srsSmooth_training,srs_smooth_training,trial0097.mat,97,97,86,1,97,86,100,80,20,8,2,1,5,2,38,8938,2,0,1,2,2,2,2,2,1,1,CHOSE_LOW_SAL,2,455,1,0,0,0,1,0,83,133,133,83,-50,83,1,0,89.8864523643102,100.11354763569,89.8864523643102,100.11354763569,-10.2270952713795,10.2270952713795,NaN,NaN,NaN,1784662603.73559,19216.7594902,1.63241648674011,0.0125384330749512,0.0146083831787109,0.721286535263062,0.737566232681274,0.954670906066895,1.00459623336792,1.00459623336792,-1,-1,1.24822330474854,2.06995010375977,217.10467338562,49.9253273010254,267.030000686646,Congruent,Right,Left,Right,Left,Left,0,1,1,0,1,1,1,0,0,0,0,1,1,1,0,0,0,0,1,87,67,20260721_t1530_srsSmooth_training_B001,87,67,5.25585643847783,1.57565784454346,2,1,114,1,1,0,0,1,1
20260721_t1530_srsSmooth_training,srs_smooth_training,trial0098.mat,98,98,87,1,98,87,100,80,20,8,2,2,8,2,81,2727,2,0,2,1,2,1,1,2,2,1,CHOSE_LOW_SAL,2,455,1,0,0,0,1,0,82,99,99,82,-17,99,1,0,161.116293859323,28.8837061406771,161.116293859323,28.8837061406771,132.232587718646,132.232587718646,NaN,NaN,NaN,1784662606.92774,19219.95187236,1.53160858154297,0.0121781826019287,0.0128962993621826,0.529217481613159,0.545531988143921,0.787560939788818,0.837553262710571,0.837553262710571,-1,-1,1.13120436668396,0.718116760253906,242.028951644897,49.9923229217529,292.02127456665,Conflict,Left,Right,Right,Right,Left,0,1,0,1,1,1,0,1,0,0,1,0,1,0,1,0,0,1,1,88,68,20260721_t1530_srsSmooth_training_B001,88,68,5.30905894438426,1.55973386764526,1,1,83,1,1,0,0,1,1
20260721_t1530_srsSmooth_training,srs_smooth_training,trial0099.mat,99,99,88,1,99,88,100,80,20,8,2,1,6,2,50,18848,2,0,2,1,2,1,2,1,2,1,CHOSE_HIGH_SAL,1,455,1,0,0,0,1,0,67,114,114,67,-47,114,1,180,204.369568637596,345.630431362404,24.3695686375958,165.630431362404,-141.260862724808,141.260862724808,NaN,NaN,NaN,1784662610.03156,19223.05551564,1.81119894981384,0.0168113708496094,0.185730218887329,0.867291927337646,0.883511543273926,1.06733584403992,1.10896611213684,1.10896611213684,-1,-1,1.3941855430603,168.91884803772,183.824300765991,41.6302680969238,225.454568862915,Congruent,Left,Right,Right,Right,Right,0,1,1,0,1,1,0,1,1,0,1,0,0,0,1,1,0,0,1,89,69,20260721_t1530_srsSmooth_training_B001,89,69,5.36078927119573,1.57221102714539,2,1,99,1,0,0,1,1,1
20260721_t1530_srsSmooth_training,srs_smooth_training,trial0100.mat,100,100,89,1,100,89,100,80,20,8,2,2,8,2,100,32707,2,0,2,1,2,1,1,2,2,1,CHOSE_LOW_SAL,2,455,1,0,0,0,1,0,68,117,117,68,-49,117,1,180,340.275727413825,209.724272586175,160.275727413825,29.7242725861754,130.551454827649,130.551454827649,NaN,NaN,NaN,1784662613.44731,19226.47112568,1.96301531791687,0.0178639888763428,0.268402814865112,1.00192165374756,1.01790285110474,1.2601842880249,1.30197763442993,1.30197763442993,-1,-1,1.5453999042511,250.53882598877,242.281436920166,41.7933464050293,284.074783325195,Conflict,Left,Right,Right,Right,Left,0,1,0,1,1,1,0,1,0,0,1,0,1,0,1,0,0,1,1,90,70,20260721_t1530_srsSmooth_training_B001,90,70,5.41771836280823,1.60454654693604,2,1,114,1,0,0,1,1,1
20260721_t1530_srsSmooth_training,srs_smooth_training,trial0101.mat,101,101,90,1,101,90,100,80,20,8,2,2,7,2,70,17333,2,0,1,2,2,2,1,1,1,1,CHOSE_HIGH_SAL,1,455,1,0,0,0,1,0,82,134,134,82,-52,82,1,0,165.35764618663,24.6423538133697,165.35764618663,24.6423538133697,140.715292373261,140.715292373261,NaN,NaN,NaN,1784662616.95556,19229.9794464,1.60431885719299,0.0180830955505371,0.0192079544067383,0.652128458023071,0.668107986450195,0.877001523971558,0.918967008590698,0.918967008590698,-1,-1,1.22051930427551,1.12485885620117,208.893537521362,41.9654846191406,250.859022140503,Conflict,Right,Left,Right,Left,Right,0,1,0,1,1,1,1,0,1,0,0,1,0,1,0,1,0,1,1,91,71,20260721_t1530_srsSmooth_training_B001,91,71,5.47618919610977,1.54523468017578,2,1,117,1,1,0,0,1,1
20260721_t1530_srsSmooth_training,srs_smooth_training,trial0102.mat,102,102,91,1,102,91,100,80,20,8,2,2,8,2,97,15600,2,0,2,1,2,1,1,2,0,0,,0,454,0,1,0,0,1,0,84,133,133,84,-49,NaN,1,0,179.93306400119,10.0669359988103,179.93306400119,10.0669359988103,169.866128002379,169.866128002379,NaN,NaN,NaN,1784662620.12232,19233.14610584,1.421142578125,0.0181066989898682,0.193541049957275,0.993476390838623,1.00981211662292,1.34399366378784,-1,-1,-1,-1,-1,175.434350967407,334.181547164917,NaN,NaN,Conflict,Left,Right,None,Right,Left,0,1,0,1,0,NaN,NaN,NaN,NaN,NaN,NaN,NaN,NaN,0,1,0,0,1,0,91,NaN,20260721_t1530_srsSmooth_training_B001,NaN,NaN,5.52896861235301,1.56244611740112,NaN,NaN,NaN,0,NaN,NaN,NaN,NaN,0
20260721_t1530_srsSmooth_training,srs_smooth_training,trial0103.mat,103,103,91,1,103,91,100,80,20,8,2,1,5,2,34,24064,2,0,1,2,2,2,2,2,1,1,,0,11,0,1,0,0,1,0,57,109,109,57,-52,57,1,0,10.7976546939527,179.202345306047,10.7976546939528,179.202345306047,-168.404690612095,168.404690612095,NaN,NaN,NaN,1784662622.95234,19235.97614508,1.27426147460938,0.0131981372833252,0.171963930130005,0.696995973587036,0.713225126266479,0.988672494888306,1.03034543991089,1.03034543991089,-1,-1,-1,158.76579284668,275.447368621826,41.672945022583,317.120313644409,Congruent,Right,Left,Right,Left,Left,0,1,1,0,0,NaN,NaN,NaN,NaN,NaN,NaN,NaN,NaN,1,0,0,0,0,0,91,NaN,20260721_t1530_srsSmooth_training_B001,NaN,NaN,5.57613557577133,1.40887522697449,NaN,NaN,NaN,0,NaN,NaN,NaN,NaN,0
20260721_t1530_srsSmooth_training,srs_smooth_training,trial0104.mat,104,104,91,1,104,91,100,80,20,8,2,1,5,2,31,17211,2,0,1,2,2,2,2,2,1,1,CHOSE_LOW_SAL,2,455,1,0,1,0,1,0,89,91,91,89,-2,89,1,0,31.1032253586576,158.896774641342,31.1032253586576,158.896774641342,-127.793549282685,127.793549282685,NaN,NaN,NaN,1784662625.71539,19238.73906088,1.58640170097351,0.0169234275817871,0.158907890319824,0.709006309509277,0.72528338432312,0.925785303115845,0.97577977180481,0.97577977180481,-1,-1,1.19415616989136,141.984462738037,200.501918792725,49.9944686889648,250.496387481689,Congruent,Right,Left,Right,Left,Left,0,1,1,0,1,1,1,0,0,0,0,1,1,1,0,0,0,0,1,92,72,20260721_t1530_srsSmooth_training_B001,92,72,5.62218638658524,1.48878717422485,1,1,82,1,0,0,1,1,1
20260721_t1530_srsSmooth_training,srs_smooth_training,trial0105.mat,105,105,92,1,105,92,100,80,20,8,2,1,6,2,56,19067,2,0,2,1,2,1,2,1,2,1,CHOSE_HIGH_SAL,1,455,1,0,0,0,1,0,117,147,147,117,-30,147,1,180,262.098649075414,287.901350924586,82.0986490754136,107.901350924586,-25.8027018491728,25.8027018491728,NaN,NaN,NaN,1784662628.83887,19241.86241548,1.93883347511292,0.0185656547546387,0.235691070556641,0.894063711166382,0.91026759147644,1.15243077278137,1.19408631324768,1.19408631324768,-1,-1,1.48812699317932,217.125415802002,242.163181304932,41.6555404663086,283.81872177124,Congruent,Left,Right,Right,Right,Right,0,1,1,0,1,1,0,1,1,0,1,0,0,0,1,1,0,0,1,93,73,20260721_t1530_srsSmooth_training_B001,93,73,5.67424434820811,1.53707599639893,1,1,89,1,1,0,0,1,1
20260721_t1530_srsSmooth_training,srs_smooth_training,trial0106.mat,106,106,93,1,106,93,100,80,20,8,2,1,5,2,34,24064,2,0,1,2,2,2,2,2,1,1,CHOSE_LOW_SAL,2,455,1,0,0,0,1,0,97,137,137,97,-40,97,1,180,207.535486548261,342.464513451739,27.5354865482608,162.464513451739,-134.929026903478,134.929026903478,NaN,NaN,NaN,1784662632.34743,19245.37091696,1.98000001907349,0.0184676647186279,0.227227210998535,0.985854148864746,1.00184011459351,1.21918296813965,1.26927185058594,1.26927185058594,-1,-1,1.57944440841675,208.759546279907,217.342853546143,50.0888824462891,267.431735992432,Congruent,Right,Left,Right,Left,Left,0,1,1,0,1,1,1,0,0,0,0,1,1,1,0,0,0,0,1,94,74,20260721_t1530_srsSmooth_training_B001,94,74,5.73272046248118,1.56973338127136,2,1,147,1,1,0,0,1,1
20260721_t1530_srsSmooth_training,srs_smooth_training,trial0107.mat,107,107,94,1,107,94,100,80,20,8,2,2,8,2,86,4498,2,0,2,1,2,1,1,2,2,1,CHOSE_LOW_SAL,2,455,1,0,0,0,1,0,77,121,121,77,-44,121,1,0,139.558555729395,50.4414442706052,139.558555729395,50.4414442706052,89.1171114587896,89.1171114587896,NaN,NaN,NaN,1784662635.89159,19248.91513832,1.8022677898407,0.0161211490631104,0.0171046257019043,0.816825866699219,0.832819223403931,1.03350377082825,1.08344030380249,1.08344030380249,-1,-1,1.38497805595398,0.983476638793945,200.684547424316,49.9365329742432,250.62108039856,Conflict,Left,Right,Right,Right,Left,0,1,0,1,1,1,0,1,0,0,1,0,1,0,1,0,0,1,1,95,75,20260721_t1530_srsSmooth_training_B001,95,75,5.79178964296977,1.5641508102417,1,1,97,1,1,0,0,1,1
20260721_t1530_srsSmooth_training,srs_smooth_training,trial0108.mat,108,108,95,1,108,95,100,80,20,8,2,1,5,2,36,5967,2,0,1,2,2,2,2,2,1,1,CHOSE_LOW_SAL,2,455,1,0,0,0,1,0,98,108,108,98,-10,98,1,0,31.8114361284483,158.188563871552,31.8114361284483,158.188563871552,-126.377127743103,126.377127743103,NaN,NaN,NaN,1784662639.29984,19252.32324656,1.64466309547424,0.0163278579711914,0.0175278186798096,0.700112581253052,0.716356039047241,0.925204753875732,0.983845233917236,0.983845233917236,-1,-1,1.24373149871826,1.19996070861816,208.848714828491,58.6404800415039,267.489194869995,Congruent,Right,Left,Right,Left,Left,0,1,1,0,1,1,1,0,0,0,0,1,1,1,0,0,0,0,1,96,76,20260721_t1530_srsSmooth_training_B001,96,76,5.84859394232432,1.6059901714325,2,1,121,1,1,0,0,1,1
20260721_t1530_srsSmooth_training,srs_smooth_training,trial0109.mat,109,109,96,1,109,96,100,80,20,8,2,2,8,2,97,15600,2,0,2,1,2,1,1,2,2,1,CHOSE_LOW_SAL,2,455,1,0,0,0,1,0,61,135,135,61,-74,135,1,0,172.600840332921,17.3991596670787,172.600840332921,17.3991596670787,155.201680665843,155.201680665843,NaN,NaN,NaN,1784662642.51936,19255.54277448,1.67508816719055,0.0136022567749023,0.13892674446106,0.68079400062561,0.696962356567383,0.930831670761108,0.980777263641357,0.980777263641357,-1,-1,1.24107122421265,125.324487686157,233.869314193726,49.945592880249,283.814907073975,Conflict,Left,Right,Right,Right,Left,0,1,0,1,1,1,0,1,0,0,1,0,1,0,1,0,0,1,1,97,77,20260721_t1530_srsSmooth_training_B001,97,77,5.90225257078807,1.57485461235046,1,1,98,1,1,0,0,1,1
20260721_t1530_srsSmooth_training,srs_smooth_training,trial0110.mat,110,110,97,1,110,97,100,80,20,8,2,2,7,2,77,17271,2,0,1,2,2,2,1,1,1,1,CHOSE_HIGH_SAL,1,455,1,0,0,0,1,0,62,139,139,62,-77,62,1,180,297.853181289666,252.146818710334,117.853181289666,72.1468187103336,45.7063625793328,45.7063625793328,NaN,NaN,NaN,1784662645.76962,19258.79293432,1.66670274734497,0.0134661197662354,0.0142059326171875,0.772238731384277,0.788496017456055,1.03066301345825,1.08062386512756,1.08062386512756,-1,-1,1.30742645263672,0.739812850952148,242.166996002197,49.9608516693115,292.127847671509,Conflict,Right,Left,Right,Left,Right,0,1,0,1,1,1,1,0,1,0,0,1,0,1,0,1,0,1,1,98,78,20260721_t1530_srsSmooth_training_B001,98,78,5.95642361243566,1.57517433166504,2,1,135,1,1,0,0,1,1
20260721_t1530_srsSmooth_training,srs_smooth_training,trial0111.mat,111,111,98,1,111,98,100,80,20,8,2,1,6,2,46,2351,2,0,2,1,2,1,2,1,2,1,CHOSE_HIGH_SAL,1,455,1,0,0,0,1,0,67,128,128,67,-61,128,1,180,251.618768561103,298.381231438897,71.6187685611028,118.381231438897,-46.7624628777944,46.7624628777944,NaN,NaN,NaN,1784662649.00878,19262.03207184,1.84496593475342,0.0161037445068359,0.258141756057739,0.884565353393555,0.899471998214722,1.10858511924744,1.15884327888489,1.15884327888489,-1,-1,1.41890859603882,242.038011550903,209.113121032715,50.2581596374512,259.371280670166,Congruent,Left,Right,Right,Right,Right,0,1,1,0,1,1,0,1,1,0,1,0,0,0,1,1,0,0,1,99,79,20260721_t1530_srsSmooth_training_B001,99,79,6.01040951410929,1.57245135307312,1,1,62,1,1,0,0,1,1
20260721_t1530_srsSmooth_training,srs_smooth_training,trial0112.mat,112,112,99,1,112,99,100,80,20,8,2,2,8,2,90,15891,2,0,2,1,2,1,1,2,0,0,,0,11,0,1,0,0,1,0,95,127,127,95,-32,NaN,1,0,148.062249086993,41.9377509130069,148.062249086993,41.9377509130069,106.124498173986,106.124498173986,NaN,NaN,NaN,1784662652.42473,19265.44790128,0.268483877182007,0.0169472694396973,0.209048509597778,-1,-1,-1,-1,-1,-1,-1,-1,192.101240158081,NaN,NaN,NaN,Conflict,Left,Right,None,Right,Left,0,1,0,1,0,NaN,NaN,NaN,NaN,NaN,NaN,NaN,NaN,0,1,0,0,1,0,99,NaN,20260721_t1530_srsSmooth_training_B001,NaN,NaN,6.06734210650126,1.57098960876465,NaN,NaN,NaN,0,NaN,NaN,NaN,NaN,0
20260721_t1530_srsSmooth_training,srs_smooth_training,trial0113.mat,113,113,99,1,113,99,100,80,20,8,2,2,8,2,90,15891,2,0,2,1,2,1,1,2,2,1,CHOSE_LOW_SAL,2,455,1,0,0,0,1,0,71,112,112,71,-41,112,1,180,347.817547118311,202.182452881689,167.817547118311,22.1824528816893,145.635094236621,145.635094236621,NaN,NaN,NaN,1784662654.20219,19267.22527476,1.80967354774475,0.0145597457885742,0.19849681854248,0.756847858428955,0.772922515869141,1.04846858978271,1.09040141105652,1.09040141105652,-1,-1,1.4005172252655,183.937072753906,275.546073913574,41.9328212738037,317.478895187378,Conflict,Left,Right,Right,Right,Left,0,1,0,1,1,1,0,1,0,0,1,0,1,0,1,0,0,1,1,100,80,20260721_t1530_srsSmooth_training_B001,100,80,6.09696638186773,1.50897264480591,2,1,128,1,0,0,1,1,1
20260721_t1530_srsSmooth_training,srs_smooth_training,trial0114.mat,114,114,100,2,1,0,96,76,20,8,1,0,1,1,2,30292,1,1,1,2,1,1,1,1,1,1,SINGLE_T1_CORRECT,10,455,1,0,0,0,1,0,168,62,168,62,106,168,1,180,0,190,180,10,170,170,NaN,NaN,NaN,1784662657.58067,19270.60368548,1.77280020713806,0.0195493698120117,0.0206987857818604,0.78699254989624,0.802913427352905,1.02880096435547,1.07844948768616,1.07844948768616,-1,-1,1.30543112754822,1.14941596984863,225.887537002563,49.6485233306885,275.536060333252,Instruction,Right,Left,Right,Right,Right,1,0,0,0,0,NaN,NaN,NaN,NaN,NaN,NaN,NaN,NaN,1,1,1,1,1,0,101,NaN,20260721_t1530_srsSmooth_training_B002,1,NaN,6.15327430566152,1.56880187988281,NaN,NaN,NaN,0,NaN,NaN,NaN,NaN,0
20260721_t1530_srsSmooth_training,srs_smooth_training,trial0115.mat,115,115,101,2,2,1,96,76,20,8,1,0,2,1,7,4466,1,1,2,1,1,2,1,2,0,0,,0,454,0,1,0,0,1,0,181,75,181,75,106,NaN,1,180,0,190,180,10,170,170,NaN,NaN,NaN,1784662660.90387,19273.92683376,1.25757908821106,0.0131397247314453,0.196849822998047,0.863596200942993,0.87984037399292,1.17187976837158,-1,-1,-1,-1,-1,183.710098266602,292.039394378662,NaN,NaN,Instruction,Left,Right,None,Left,Left,1,0,0,0,0,NaN,NaN,NaN,NaN,NaN,NaN,NaN,NaN,0,0,0,1,1,0,101,NaN,20260721_t1530_srsSmooth_training_B002,NaN,NaN,6.20866105159124,1.55040454864502,NaN,NaN,NaN,0,NaN,NaN,NaN,NaN,0
20260721_t1530_srsSmooth_training,srs_smooth_training,trial0116.mat,116,116,101,2,3,1,96,76,20,8,1,0,4,1,18,19044,1,2,1,2,1,1,2,2,0,0,,0,454,0,1,0,0,1,0,172,65,172,65,107,NaN,1,180,190,0,10,180,-170,170,NaN,NaN,NaN,1784662663.58978,19276.61269964,1.26362490653992,0.0190036296844482,0.244447708129883,0.869501113891602,0.885703325271606,1.1696081161499,-1,-1,-1,-1,-1,225.444078445435,283.904790878296,NaN,NaN,Instruction,Right,Left,None,Right,Left,1,0,0,0,0,NaN,NaN,NaN,NaN,NaN,NaN,NaN,NaN,1,1,0,1,0,0,101,NaN,20260721_t1530_srsSmooth_training_B002,NaN,NaN,6.25342618624369,1.42832899093628,NaN,NaN,NaN,0,NaN,NaN,NaN,NaN,0
20260721_t1530_srsSmooth_training,srs_smooth_training,trial0117.mat,117,117,101,2,4,1,96,76,20,8,1,0,2,1,7,4466,1,1,2,1,1,2,1,2,0,0,,0,454,0,1,0,0,1,0,175,53,175,53,122,NaN,1,180,0,190,180,10,170,170,NaN,NaN,NaN,1784662666.28289,19279.3057008,1.38743877410889,0.0176613330841064,0.201509475708008,0.993243932723999,1.00936603546143,1.29322028160095,-1,-1,-1,-1,-1,183.848142623901,283.854246139526,NaN,NaN,Instruction,Left,Right,None,Left,Left,1,0,0,0,0,NaN,NaN,NaN,NaN,NaN,NaN,NaN,NaN,0,0,0,1,1,0,101,NaN,20260721_t1530_srsSmooth_training_B002,NaN,NaN,6.2983114083608,1.42948842048645,NaN,NaN,NaN,0,NaN,NaN,NaN,NaN,0
20260721_t1530_srsSmooth_training,srs_smooth_training,trial0118.mat,118,118,101,2,5,1,96,76,20,8,1,0,1,1,5,28346,1,1,1,2,1,1,1,1,1,1,SINGLE_T1_CORRECT,10,455,1,0,0,0,1,0,174,58,174,58,116,174,1,0,180,10,180,10,170,170,NaN,NaN,NaN,1784662669.06791,19282.0906592,1.90306878089905,0.0160889625549316,0.166580200195312,0.83329963684082,0.849454164505005,1.07501411437988,1.11664605140686,1.11664605140686,-1,-1,1.42692160606384,150.491237640381,225.559949874878,41.6319370269775,267.191886901855,Instruction,Right,Left,Right,Right,Right,1,0,0,0,0,NaN,NaN,NaN,NaN,NaN,NaN,NaN,NaN,1,1,1,1,1,0,102,NaN,20260721_t1530_srsSmooth_training_B002,2,NaN,6.34472831090291,1.39757537841797,NaN,NaN,NaN,0,NaN,NaN,NaN,NaN,0
20260721_t1530_srsSmooth_training,srs_smooth_training,trial0119.mat,119,119,102,2,6,2,96,76,20,8,1,0,4,1,19,11257,1,2,1,2,1,1,2,2,0,0,,0,454,0,1,0,0,1,0,180,63,180,63,117,NaN,1,0,10,180,10,180,-170,170,NaN,NaN,NaN,1784662672.51636,19285.5390478,1.11202526092529,0.0177724361419678,0.126990795135498,0.743319988250732,0.759467601776123,1.01850056648254,-1,-1,-1,-1,-1,109.21835899353,259.032964706421,NaN,NaN,Instruction,Right,Left,None,Right,Left,1,0,0,0,0,NaN,NaN,NaN,NaN,NaN,NaN,NaN,NaN,1,1,0,1,0,0,102,NaN,20260721_t1530_srsSmooth_training_B002,NaN,NaN,6.40220248699188,1.54538178443909,NaN,NaN,NaN,0,NaN,NaN,NaN,NaN,0
20260721_t1530_srsSmooth_training,srs_smooth_training,trial0120.mat,120,120,102,2,7,2,96,76,20,8,1,0,3,1,13,1052,1,2,2,1,1,2,2,1,2,1,SINGLE_T2_CORRECT,11,455,1,0,0,0,1,0,173,71,173,71,102,71,1,180,190,0,10,180,-170,170,NaN,NaN,NaN,1784662675.08098,19288.10356572,1.58107566833496,0.0115857124328613,0.237414360046387,0.754038572311401,0.769948482513428,0.945700883865356,0.987160682678223,0.987160682678223,-1,-1,1.21407532691956,225.828647613525,175.752401351929,41.4597988128662,217.212200164795,Instruction,Left,Right,Right,Left,Right,1,0,0,0,0,NaN,NaN,NaN,NaN,NaN,NaN,NaN,NaN,0,0,1,1,0,0,103,NaN,20260721_t1530_srsSmooth_training_B002,3,NaN,6.444946149985,1.4525945186615,NaN,NaN,NaN,0,NaN,NaN,NaN,NaN,0
20260721_t1530_srsSmooth_training,srs_smooth_training,trial0121.mat,121,121,103,2,8,3,96,76,20,8,1,0,4,1,17,12987,1,2,1,2,1,1,2,2,2,2,SINGLE_T2_CORRECT,11,455,1,0,0,0,1,0,178,56,178,56,122,56,1,180,190,0,10,180,-170,170,NaN,NaN,NaN,1784662678.23064,19291.2531904,1.72426700592041,0.0120494365692139,0.179608106613159,0.829359531402588,0.845414161682129,1.06284189224243,1.11282706260681,1.11282706260681,-1,-1,1.36474394798279,167.558670043945,217.427730560303,49.9851703643799,267.412900924683,Instruction,Right,Left,Left,Right,Left,1,0,0,0,0,NaN,NaN,NaN,NaN,NaN,NaN,NaN,NaN,1,1,0,1,0,0,104,NaN,20260721_t1530_srsSmooth_training_B002,4,NaN,6.49744047323863,1.56858372688293,NaN,NaN,NaN,0,NaN,NaN,NaN,NaN,0
20260721_t1530_srsSmooth_training,srs_smooth_training,trial0122.mat,122,122,104,2,9,4,96,76,20,8,1,0,2,1,8,26404,1,1,2,1,1,2,1,2,1,2,SINGLE_T1_CORRECT,10,455,1,0,1,0,1,0,171,85,171,85,86,171,1,0,180,10,180,10,170,170,NaN,NaN,NaN,1784662681.51177,19294.53435796,1.85972499847412,0.014378547668457,0.198132753372192,0.840090751647949,0.856077671051025,1.12372803688049,1.1736900806427,1.1736900806427,-1,-1,1.39224529266357,183.754205703735,267.650365829468,49.962043762207,317.612409591675,Instruction,Left,Right,Left,Left,Left,1,0,0,0,0,NaN,NaN,NaN,NaN,NaN,NaN,NaN,NaN,0,0,0,1,1,0,105,NaN,20260721_t1530_srsSmooth_training_B002,5,NaN,6.55212600231171,1.55686473846436,NaN,NaN,NaN,0,NaN,NaN,NaN,NaN,0
20260721_t1530_srsSmooth_training,srs_smooth_training,trial0123.mat,123,123,105,2,10,5,96,76,20,8,1,0,3,1,12,31168,1,2,2,1,1,2,2,1,2,1,SINGLE_T2_CORRECT,11,455,1,0,0,0,1,0,184,72,184,72,112,72,1,180,190,0,10,180,-170,170,NaN,NaN,NaN,1784662684.94122,19297.96372312,1.48020720481873,0.0183889865875244,0.0193495750427246,0.577032089233398,0.585078001022339,0.827456474304199,0.869182348251343,0.869182348251343,-1,-1,1.10386037826538,0.960588455200195,242.37847328186,41.7258739471436,284.104347229004,Instruction,Left,Right,Right,Left,Right,1,0,0,0,0,NaN,NaN,NaN,NaN,NaN,NaN,NaN,NaN,0,0,1,1,0,0,106,NaN,20260721_t1530_srsSmooth_training_B002,6,NaN,6.60928361415863,1.56973171234131,NaN,NaN,NaN,0,NaN,NaN,NaN,NaN,0
20260721_t1530_srsSmooth_training,srs_smooth_training,trial0124.mat,124,124,106,2,11,6,96,76,20,8,1,0,1,1,4,28811,1,1,1,2,1,1,1,1,1,1,SINGLE_T1_CORRECT,10,455,1,0,0,0,1,0,184,70,184,70,114,184,1,0,180,10,180,10,170,170,NaN,NaN,NaN,1784662687.97861,19301.00106564,1.63425326347351,0.0144577026367188,0.0151865482330322,0.614948034286499,0.631148815155029,0.806652545928955,0.856595993041992,0.856595993041992,-1,-1,1.15034937858582,0.728845596313477,175.503730773926,49.9434471130371,225.447177886963,Instruction,Right,Left,Right,Right,Right,1,0,0,0,0,NaN,NaN,NaN,NaN,NaN,NaN,NaN,NaN,1,1,1,1,1,0,107,NaN,20260721_t1530_srsSmooth_training_B002,7,NaN,6.65990666548411,1.55717587471008,NaN,NaN,NaN,0,NaN,NaN,NaN,NaN,0
20260721_t1530_srsSmooth_training,srs_smooth_training,trial0125.mat,125,125,107,2,12,7,96,76,20,8,1,0,3,1,14,9050,1,2,2,1,1,2,2,1,2,1,SINGLE_T2_CORRECT,11,455,1,0,0,0,1,0,193,60,193,60,133,60,1,0,10,180,10,180,-170,170,NaN,NaN,NaN,1784662691.22002,19304.24222844,1.6012065410614,0.0148406028747559,0.0158910751342773,0.665480852127075,0.681533575057983,0.898658514022827,0.957083225250244,0.957083225250244,-1,-1,1.24198436737061,1.05047225952148,217.124938964844,58.424711227417,275.549650192261,Instruction,Left,Right,Right,Left,Right,1,0,0,0,0,NaN,NaN,NaN,NaN,NaN,NaN,NaN,NaN,0,0,1,1,0,0,108,NaN,20260721_t1530_srsSmooth_training_B002,8,NaN,6.71393016974131,1.60715699195862,NaN,NaN,NaN,0,NaN,NaN,NaN,NaN,0
20260721_t1530_srsSmooth_training,srs_smooth_training,trial0126.mat,126,126,108,2,13,8,96,76,20,8,1,0,2,1,6,11712,1,1,2,1,1,2,1,2,1,2,SINGLE_T1_CORRECT,10,455,1,0,0,0,1,0,171,70,171,70,101,171,1,0,180,10,180,10,170,170,NaN,NaN,NaN,1784662694.36619,19307.38849624,1.70663928985596,0.0187869071960449,0.0198607444763184,0.64438009262085,0.660478830337524,0.90256404876709,0.952565670013428,0.952565670013428,-1,-1,1.23024296760559,1.07383728027344,242.085218429565,50.0016212463379,292.086839675903,Instruction,Left,Right,Left,Left,Left,1,0,0,0,0,NaN,NaN,NaN,NaN,NaN,NaN,NaN,NaN,0,0,0,1,1,0,109,NaN,20260721_t1530_srsSmooth_training_B002,9,NaN,6.76636644601822,1.54497003555298,NaN,NaN,NaN,0,NaN,NaN,NaN,NaN,0
20260721_t1530_srsSmooth_training,srs_smooth_training,trial0127.mat,127,127,109,2,14,9,96,76,20,8,1,0,2,1,7,4466,1,1,2,1,1,2,1,2,1,2,SINGLE_T1_CORRECT,10,455,1,0,0,0,1,0,169,65,169,65,104,169,1,180,0,190,180,10,170,170,NaN,NaN,NaN,1784662697.65417,19310.67626984,2.10927939414978,0.0142693519592285,0.23970627784729,1.03142547607422,1.04764246940613,1.29842567443848,1.34821557998657,1.34821557998657,-1,-1,1.64164137840271,225.436925888062,250.783205032349,49.7899055480957,300.573110580444,Instruction,Left,Right,Left,Left,Left,1,0,0,0,0,NaN,NaN,NaN,NaN,NaN,NaN,NaN,NaN,0,0,0,1,1,0,110,NaN,20260721_t1530_srsSmooth_training_B002,10,NaN,6.82116610209147,1.58134007453918,NaN,NaN,NaN,0,NaN,NaN,NaN,NaN,0
20260721_t1530_srsSmooth_training,srs_smooth_training,trial0128.mat,128,128,110,2,15,10,96,76,20,8,1,0,2,1,9,22319,1,1,2,1,1,2,1,2,1,2,SINGLE_T1_CORRECT,10,455,1,0,0,0,1,0,194,64,194,64,130,194,1,180,0,190,180,10,170,170,NaN,NaN,NaN,1784662701.31141,19314.33359632,1.89456152915955,0.0155103206634521,0.016282320022583,0.791071891784668,0.807208061218262,1.05775356292725,1.10776591300964,1.10776591300964,-1,-1,1.40204644203186,0.771999359130859,250.545501708984,50.0123500823975,300.557851791382,Instruction,Left,Right,Left,Left,Left,1,0,0,0,0,NaN,NaN,NaN,NaN,NaN,NaN,NaN,NaN,0,0,0,1,1,0,111,NaN,20260721_t1530_srsSmooth_training_B002,11,NaN,6.88212002515793,1.54795598983765,NaN,NaN,NaN,0,NaN,NaN,NaN,NaN,0
20260721_t1530_srsSmooth_training,srs_smooth_training,trial0130.mat,130,130,111,2,17,11,96,76,20,8,1,0,1,1,3,23544,1,1,1,2,1,1,1,1,0,0,,0,11,0,1,0,0,1,0,175,80,175,80,95,NaN,1,0,180,10,180,10,170,170,NaN,NaN,NaN,1784662706.54151,19319.56360924,0.929657459259033,0.0189452171325684,0.0199532508850098,0.777789831161499,0.793975114822388,0.844496726989746,-1,-1,-1,-1,-1,1.00803375244141,50.5216121673584,NaN,NaN,Instruction,Right,Left,None,Right,Right,1,0,0,0,0,NaN,NaN,NaN,NaN,NaN,NaN,NaN,NaN,1,1,1,1,1,0,111,NaN,20260721_t1530_srsSmooth_training_B002,NaN,NaN,6.96928840875626,3.33554148674011,NaN,NaN,NaN,0,NaN,NaN,NaN,NaN,0
20260721_t1530_srsSmooth_training,srs_smooth_training,trial0131.mat,131,131,111,2,18,11,96,76,20,8,1,0,4,1,18,19044,1,2,1,2,1,1,2,2,2,2,SINGLE_T2_CORRECT,11,455,1,0,0,0,1,0,189,70,189,70,119,70,1,180,190,0,10,180,-170,170,NaN,NaN,NaN,1784662708.92252,19321.94451876,1.57385969161987,0.0130298137664795,0.130125761032104,0.672087907791138,0.688056945800781,0.946804523468018,0.988461971282959,0.988461971282959,-1,-1,1.20686149597168,117.095947265625,258.747577667236,41.6574478149414,300.405025482178,Instruction,Right,Left,Left,Right,Left,1,0,0,0,0,NaN,NaN,NaN,NaN,NaN,NaN,NaN,NaN,1,1,0,1,0,0,112,NaN,20260721_t1530_srsSmooth_training_B002,12,NaN,7.00897188186646,1.45135092735291,NaN,NaN,NaN,0,NaN,NaN,NaN,NaN,0
20260721_t1530_srsSmooth_training,srs_smooth_training,trial0132.mat,132,132,112,2,19,12,96,76,20,8,1,0,3,1,15,2221,1,2,2,1,1,2,2,1,2,1,SINGLE_T2_CORRECT,11,455,1,0,0,0,1,0,189,59,189,59,130,59,1,180,190,0,10,180,-170,170,NaN,NaN,NaN,1784662712.08037,19325.10233444,1.81658148765564,0.0136339664459229,0.23100471496582,0.872458696365356,0.888668060302734,1.13919925689697,1.18105626106262,1.18105626106262,-1,-1,1.4580774307251,217.370748519897,250.531196594238,41.8570041656494,292.388200759888,Instruction,Left,Right,Right,Left,Right,1,0,0,0,0,NaN,NaN,NaN,NaN,NaN,NaN,NaN,NaN,0,0,1,1,0,0,113,NaN,20260721_t1530_srsSmooth_training_B002,13,NaN,7.06160276333491,1.58399319648743,NaN,NaN,NaN,0,NaN,NaN,NaN,NaN,0
20260721_t1530_srsSmooth_training,srs_smooth_training,trial0133.mat,133,133,113,2,20,13,96,76,20,8,1,0,2,1,10,14136,1,1,2,1,1,2,1,2,1,2,SINGLE_T1_CORRECT,10,455,1,0,0,0,1,0,181,73,181,73,108,181,1,180,0,190,180,10,170,170,NaN,NaN,NaN,1784662715.52101,19328.54277676,1.94351601600647,0.0147981643676758,0.206738710403442,0.898808002471924,0.914833307266235,1.18179249763489,1.22367072105408,1.22367072105408,-1,-1,1.45912265777588,191.940546035767,266.959190368652,41.8782234191895,308.837413787842,Instruction,Left,Right,Left,Left,Left,1,0,0,0,0,NaN,NaN,NaN,NaN,NaN,NaN,NaN,NaN,0,0,0,1,1,0,114,NaN,20260721_t1530_srsSmooth_training_B002,14,NaN,7.11894672314326,1.62405610084534,NaN,NaN,NaN,0,NaN,NaN,NaN,NaN,0
20260721_t1530_srsSmooth_training,srs_smooth_training,trial0134.mat,134,134,114,2,21,14,96,76,20,8,1,0,1,1,3,23544,1,1,1,2,1,1,1,1,1,1,SINGLE_T1_CORRECT,10,455,1,0,0,0,1,0,179,73,179,73,106,179,1,0,180,10,180,10,170,170,NaN,NaN,NaN,1784662719.05498,19332.07661292,2.00115919113159,0.0143013000488281,0.198135852813721,0.864803314208984,0.881002426147461,1.20658278465271,1.24844360351562,1.24844360351562,-1,-1,1.52546310424805,183.834552764893,325.580358505249,41.860818862915,367.441177368164,Instruction,Right,Left,Right,Right,Right,1,0,0,0,0,NaN,NaN,NaN,NaN,NaN,NaN,NaN,NaN,1,1,1,1,1,0,115,NaN,20260721_t1530_srsSmooth_training_B002,15,NaN,7.17784618933996,1.59045195579529,NaN,NaN,NaN,0,NaN,NaN,NaN,NaN,0
20260721_t1530_srsSmooth_training,srs_smooth_training,trial0135.mat,135,135,115,2,22,15,96,76,20,8,1,0,1,1,1,26570,1,1,1,2,1,1,1,1,1,1,SINGLE_T1_CORRECT,10,455,1,0,0,0,1,0,176,83,176,83,93,176,1,0,180,10,180,10,170,170,NaN,NaN,NaN,1784662722.67338,19335.69506332,1.74105620384216,0.0127048492431641,0.230236530303955,0.763552665710449,0.779401540756226,0.98845100402832,1.03823065757751,1.03823065757751,-1,-1,1.26550436019897,217.531681060791,209.049463272095,49.7796535491943,258.829116821289,Instruction,Right,Left,Right,Right,Right,1,0,0,0,0,NaN,NaN,NaN,NaN,NaN,NaN,NaN,NaN,1,1,1,1,1,0,116,NaN,20260721_t1530_srsSmooth_training_B002,16,NaN,7.2381529490153,1.61724638938904,NaN,NaN,NaN,0,NaN,NaN,NaN,NaN,0
20260721_t1530_srsSmooth_training,srs_smooth_training,trial0136.mat,136,136,116,2,23,16,96,76,20,8,1,0,4,1,16,27097,1,2,1,2,1,1,2,2,2,2,SINGLE_T2_CORRECT,11,455,1,0,0,0,1,0,174,60,174,60,114,60,1,180,190,0,10,180,-170,170,NaN,NaN,NaN,1784662725.97851,19339.0001364,1.60220742225647,0.0160422325134277,0.0173256397247314,0.691804647445679,0.707736492156982,0.958434343338013,0.999870300292969,0.999870300292969,-1,-1,1.24346208572388,1.28340721130371,250.69785118103,41.4359569549561,292.133808135986,Instruction,Right,Left,Left,Right,Left,1,0,0,0,0,NaN,NaN,NaN,NaN,NaN,NaN,NaN,NaN,1,1,0,1,0,0,117,NaN,20260721_t1530_srsSmooth_training_B002,17,NaN,7.29323836962382,1.56406903266907,NaN,NaN,NaN,0,NaN,NaN,NaN,NaN,0
20260721_t1530_srsSmooth_training,srs_smooth_training,trial0137.mat,137,137,117,2,24,17,96,76,20,8,1,0,4,1,19,11257,1,2,1,2,1,1,2,2,2,2,SINGLE_T2_CORRECT,11,455,1,0,0,0,1,0,181,56,181,56,125,56,1,180,190,0,10,180,-170,170,NaN,NaN,NaN,1784662729.13973,19342.161347,1.77464461326599,0.0132811069488525,0.113908290863037,0.822445869445801,0.838314294815063,1.09696507453918,1.14697647094727,1.14697647094727,-1,-1,1.41572451591492,100.627183914185,258.650779724121,50.0113964080811,308.662176132202,Instruction,Right,Left,Left,Right,Left,1,0,0,0,0,NaN,NaN,NaN,NaN,NaN,NaN,NaN,NaN,1,1,0,1,0,0,118,NaN,20260721_t1530_srsSmooth_training_B002,18,NaN,7.34592533906301,1.55901074409485,NaN,NaN,NaN,0,NaN,NaN,NaN,NaN,0
20260721_t1530_srsSmooth_training,srs_smooth_training,trial0138.mat,138,138,118,2,25,18,96,76,20,8,1,0,4,1,20,31824,1,2,1,2,1,1,2,2,2,2,SINGLE_T2_CORRECT,11,455,1,0,0,0,1,0,190,79,190,79,111,79,1,180,190,0,10,180,-170,170,NaN,NaN,NaN,1784662732.46846,19345.48998864,1.72075128555298,0.0180099010467529,0.193444967269897,0.71006965637207,0.726370811462402,1.01007676124573,1.06012034416199,1.06012034416199,-1,-1,1.34560537338257,175.435066223145,283.705949783325,50.0435829162598,333.749532699585,Instruction,Right,Left,Left,Right,Left,1,0,0,0,0,NaN,NaN,NaN,NaN,NaN,NaN,NaN,NaN,1,1,0,1,0,0,119,NaN,20260721_t1530_srsSmooth_training_B002,19,NaN,7.40140426556269,1.55409097671509,NaN,NaN,NaN,0,NaN,NaN,NaN,NaN,0
20260721_t1530_srsSmooth_training,srs_smooth_training,trial0139.mat,139,139,119,2,26,19,96,76,20,8,1,0,3,1,11,31035,1,2,2,1,1,2,2,1,2,1,SINGLE_T2_CORRECT,11,455,1,0,0,0,1,0,171,50,171,50,121,50,1,180,190,0,10,180,-170,170,NaN,NaN,NaN,1784662735.73202,19348.75329496,1.60005807876587,0.012913703918457,0.171778917312622,0.763853788375854,0.779609680175781,0.955401659011841,0.996812105178833,0.996812105178833,-1,-1,1.25028324127197,158.865213394165,175.79197883606,41.4104461669922,217.202425003052,Instruction,Left,Right,Right,Left,Right,1,0,0,0,0,NaN,NaN,NaN,NaN,NaN,NaN,NaN,NaN,0,0,1,1,0,0,120,NaN,20260721_t1530_srsSmooth_training_B002,20,NaN,7.45579690138499,1.54280686378479,NaN,NaN,NaN,0,NaN,NaN,NaN,NaN,0
20260721_t1530_srsSmooth_training,srs_smooth_training,trial0140.mat,140,140,120,2,27,20,96,76,20,8,1,2,8,2,89,10858,2,0,2,1,1,2,2,1,1,2,CHOSE_LOW_SAL,2,455,1,0,0,0,1,0,176,71,176,71,105,176,1,0,72.0086767288138,117.991323271186,72.0086767288138,117.991323271186,-45.9826465423724,45.9826465423724,NaN,NaN,NaN,1784662738.88254,19351.90394296,1.90740370750427,0.0125153064727783,0.246373891830444,0.871613025665283,0.887550592422485,1.1545193195343,1.18783807754517,1.18783807754517,-1,-1,1.43138384819031,233.858585357666,266.968727111816,33.3187580108643,300.287485122681,Conflict,Left,Right,Left,Left,Right,0,1,0,1,1,0,1,1,0,1,0,0,1,0,0,1,1,0,1,121,81,20260721_t1530_srsSmooth_training_B002,21,1,7.50830558538437,1.5504629611969,2,1,112,0,1,1,0,0,1
20260721_t1530_srsSmooth_training,srs_smooth_training,trial0141.mat,141,141,121,2,28,21,96,76,20,8,1,1,5,2,24,13765,2,0,1,2,1,1,1,1,2,2,CHOSE_LOW_SAL,2,455,1,0,0,0,1,0,162,81,162,81,81,81,1,0,132.17104118205,57.82895881795,132.17104118205,57.82895881795,74.3420823641,74.3420823641,NaN,NaN,NaN,1784662742.42429,19355.44555544,1.92406821250916,0.0125772953033447,0.279935121536255,0.988232135772705,1.00428342819214,1.24631953239441,1.28790760040283,1.28790760040283,-1,-1,1.54004406929016,267.35782623291,242.036104202271,41.5880680084229,283.624172210693,Congruent,Right,Left,Left,Right,Right,0,1,1,0,1,0,0,0,0,1,1,1,1,1,1,1,1,1,1,122,82,20260721_t1530_srsSmooth_training_B002,22,2,7.56733465592066,1.63434052467346,1,2,176,1,1,0,0,1,1
20260721_t1530_srsSmooth_training,srs_smooth_training,trial0142.mat,142,142,122,2,29,22,96,76,20,8,1,2,8,2,93,9687,2,0,2,1,1,2,2,1,1,2,CHOSE_LOW_SAL,2,455,1,0,0,0,1,0,199,48,199,48,151,199,1,0,40.0197905825593,149.980209417441,40.0197905825593,149.980209417441,-109.960418834881,109.960418834881,NaN,NaN,NaN,1784662745.90361,19358.9249158,2.07836580276489,0.0167224407196045,0.258823156356812,1.00104546546936,1.01676154136658,1.25903677940369,1.3090991973877,1.3090991973877,-1,-1,1.57752370834351,242.100715637207,242.275238037109,50.0624179840088,292.337656021118,Conflict,Left,Right,Left,Left,Right,0,1,0,1,1,0,1,1,0,1,0,0,1,0,0,1,1,0,1,123,83,20260721_t1530_srsSmooth_training_B002,23,3,7.62532341877619,1.55525755882263,2,2,81,1,1,0,0,1,1
20260721_t1530_srsSmooth_training,srs_smooth_training,trial0143.mat,143,143,123,2,30,23,96,76,20,8,1,1,5,2,38,25239,2,0,1,2,1,1,1,1,2,2,CHOSE_LOW_SAL,2,455,1,0,0,0,1,0,178,82,178,82,96,82,1,0,121.808220447196,68.1917795528039,121.808220447196,68.1917795528039,53.6164408943922,53.6164408943922,NaN,NaN,NaN,1784662749.53866,19362.5598428,1.83484840393066,0.0151498317718506,0.265891551971436,0.815883159637451,0.831849098205566,1.09891819953918,1.1489155292511,1.1489155292511,-1,-1,1.45063853263855,250.741720199585,267.069101333618,49.9973297119141,317.066431045532,Congruent,Right,Left,Left,Right,Right,0,1,1,0,1,0,0,0,0,1,1,1,1,1,1,1,1,1,1,124,84,20260721_t1530_srsSmooth_training_B002,24,4,7.68590756257375,1.5566828250885,1,2,199,1,1,0,0,1,1
20260721_t1530_srsSmooth_training,srs_smooth_training,trial0144.mat,144,144,124,2,31,24,96,76,20,8,1,2,8,2,90,31129,2,0,2,1,1,2,2,1,2,1,CHOSE_HIGH_SAL,1,455,1,0,0,0,1,0,161,68,161,68,93,68,1,180,205.754073600817,344.245926399183,25.7540736008168,164.245926399183,-138.491852798366,138.491852798366,NaN,NaN,NaN,1784662752.97032,19365.99139604,1.71189785003662,0.0169572830200195,0.0181443691253662,0.659502029418945,0.675317049026489,0.984338998794556,1.03430795669556,1.03430795669556,-1,-1,1.34430885314941,1.18708610534668,309.021949768066,49.968957901001,358.990907669067,Conflict,Left,Right,Right,Left,Right,0,1,0,1,1,1,0,0,1,0,1,1,0,0,0,1,1,0,1,125,85,20260721_t1530_srsSmooth_training_B002,25,5,7.74310190677643,1.59681224822998,2,2,82,1,0,1,1,0,1
20260721_t1530_srsSmooth_training,srs_smooth_training,trial0145.mat,145,145,125,2,32,25,96,76,20,8,1,1,6,2,42,31597,2,0,2,1,1,2,1,2,1,2,CHOSE_HIGH_SAL,1,455,1,0,0,0,1,0,190,78,190,78,112,190,1,0,105.676959564967,84.323040435033,105.676959564967,84.323040435033,21.353919129934,21.353919129934,NaN,NaN,NaN,1784662756.25014,19369.27123696,1.77386617660522,0.0122714042663574,0.221116304397583,0.745963335037231,0.762301445007324,0.996023416519165,1.04612588882446,1.04612588882446,-1,-1,1.28124785423279,208.844900131226,233.721971511841,50.1024723052979,283.824443817139,Congruent,Left,Right,Left,Left,Left,0,1,1,0,1,0,1,1,1,1,0,0,0,0,0,0,1,1,1,126,86,20260721_t1530_srsSmooth_training_B002,26,6,7.7977654894193,1.56791710853577,2,1,68,1,1,1,0,0,1
20260721_t1530_srsSmooth_training,srs_smooth_training,trial0146.mat,146,146,126,2,33,26,96,76,20,8,1,2,7,2,72,816,2,0,1,2,1,1,2,2,2,2,CHOSE_HIGH_SAL,1,455,1,0,0,0,1,0,183,102,183,102,81,102,1,180,208.688194604576,341.311805395424,28.6881946045755,161.311805395424,-132.623610790849,132.623610790849,NaN,NaN,NaN,1784662759.60598,19372.62698524,1.8606550693512,0.0148940086364746,0.240251302719116,0.898628950119019,0.914929151535034,1.18199467658997,1.22402787208557,1.22402787208557,-1,-1,1.45900082588196,225.357294082642,267.065525054932,42.0331954956055,309.098720550537,Conflict,Right,Left,Left,Right,Left,0,1,0,1,1,0,0,0,1,1,1,1,0,1,1,0,1,0,1,127,87,20260721_t1530_srsSmooth_training_B002,27,7,7.8536962111791,1.58197712898254,1,2,190,1,1,0,0,1,1
20260721_t1530_srsSmooth_training,srs_smooth_training,trial0147.mat,147,147,127,2,34,27,96,76,20,8,1,2,8,2,96,11273,2,0,2,1,1,2,2,1,1,2,CHOSE_LOW_SAL,2,455,1,0,5,0,1,0,186,81,186,81,105,186,1,180,207.416890344287,342.583109655713,27.4168903442872,162.583109655713,-135.166219311426,135.166219311426,NaN,NaN,NaN,1784662763.02681,19376.04774212,2.03898096084595,0.0192019939422607,0.178101778030396,0.97801947593689,0.994239807128906,1.20317769050598,1.25285625457764,1.25285625457764,-1,-1,1.55254364013672,158.899784088135,208.937883377075,49.6785640716553,258.61644744873,Conflict,Left,Right,Left,Left,Right,0,1,0,1,1,0,1,1,0,1,0,0,1,0,0,1,1,0,1,128,88,20260721_t1530_srsSmooth_training_B002,28,8,7.91070999701818,1.56017208099365,2,2,102,1,1,0,0,1,1
20260721_t1530_srsSmooth_training,srs_smooth_training,trial0148.mat,148,148,128,2,35,28,96,76,20,8,1,2,8,2,83,24583,2,0,2,1,1,2,2,1,1,2,CHOSE_LOW_SAL,2,455,1,0,0,0,1,0,174,64,174,64,110,174,1,180,195.925114271465,354.074885728535,15.9251142714649,174.074885728535,-158.14977145707,158.14977145707,NaN,NaN,NaN,1784662766.6516,19379.67242296,1.839515209198,0.0195486545562744,0.0205802917480469,0.762112617492676,0.777911424636841,1.02876472473145,1.07827711105347,1.07827711105347,-1,-1,1.36377835273743,1.03163719177246,250.853300094604,49.5123863220215,300.365686416626,Conflict,Left,Right,Left,Left,Right,0,1,0,1,1,0,1,1,0,1,0,0,1,0,0,1,1,0,1,129,89,20260721_t1530_srsSmooth_training_B002,29,9,7.97112327019374,1.5858154296875,1,2,186,1,0,0,1,1,1
20260721_t1530_srsSmooth_training,srs_smooth_training,trial0149.mat,149,149,129,2,36,29,96,76,20,8,1,2,7,2,62,639,2,0,1,2,1,1,2,2,2,2,CHOSE_HIGH_SAL,1,455,1,0,0,0,1,0,193,66,193,66,127,66,1,180,203.016248169416,346.983751830584,23.0162481694162,166.983751830584,-143.967503661168,143.967503661168,NaN,NaN,NaN,1784662770.04279,19383.06360356,1.75675773620605,0.011826753616333,0.162261009216309,0.912447929382324,0.928529977798462,1.12912225723267,1.17073488235474,1.17073488235474,-1,-1,1.38978910446167,150.434255599976,200.592279434204,41.6126251220703,242.204904556274,Conflict,Right,Left,Left,Right,Left,0,1,0,1,1,0,0,0,1,1,1,1,0,1,1,0,1,0,1,130,90,20260721_t1530_srsSmooth_training_B002,30,10,8.02764306465785,1.55167245864868,1,2,174,1,1,0,0,1,1
20260721_t1530_srsSmooth_training,srs_smooth_training,trial0150.mat,150,150,130,2,37,30,96,76,20,8,1,1,6,2,58,14577,2,0,2,1,1,2,1,2,1,2,CHOSE_HIGH_SAL,1,455,1,0,0,0,1,0,192,70,192,70,122,192,1,0,148.697759713282,41.3022402867179,148.697759713282,41.3022402867179,107.395519426564,107.395519426564,NaN,NaN,NaN,1784662773.34455,19386.3653098,1.86343383789062,0.0185267925262451,0.235626459121704,0.769000053405762,0.785224199295044,1.0273175239563,1.07736682891846,1.07736682891846,-1,-1,1.37083673477173,217.099666595459,242.093324661255,50.0493049621582,292.142629623413,Congruent,Left,Right,Left,Left,Left,0,1,1,0,1,0,1,1,1,1,0,0,0,0,0,0,1,1,1,131,91,20260721_t1530_srsSmooth_training_B002,31,11,8.08267246087392,1.54500603675842,2,2,66,1,1,0,0,1,1
20260721_t1530_srsSmooth_training,srs_smooth_training,trial0151.mat,151,151,131,2,38,31,96,76,20,8,1,1,6,2,53,2852,2,0,2,1,1,2,1,2,1,2,CHOSE_HIGH_SAL,1,455,1,0,0,0,1,0,177,101,177,101,76,177,1,0,162.960576217917,27.0394237820826,162.960576217917,27.0394237820826,135.921152435835,135.921152435835,NaN,NaN,NaN,1784662776.75899,19389.77971064,1.91596841812134,0.012563943862915,0.171283721923828,0.84640097618103,0.862596988677979,1.11308073997498,1.16306972503662,1.16306972503662,-1,-1,1.43984866142273,158.719778060913,250.483751296997,49.9889850616455,300.472736358643,Congruent,Left,Right,Left,Left,Left,0,1,1,0,1,0,1,1,1,1,0,0,0,0,0,0,1,1,1,132,92,20260721_t1530_srsSmooth_training_B002,32,12,8.13957964579264,1.55099725723267,1,2,192,1,0,0,1,1,1
20260721_t1530_srsSmooth_training,srs_smooth_training,trial0152.mat,152,152,132,2,39,32,96,76,20,8,1,2,8,2,80,12928,2,0,2,1,1,2,2,1,1,2,CHOSE_LOW_SAL,2,455,1,0,0,0,1,0,185,96,185,96,89,185,1,0,45.2127382242512,144.787261775749,45.2127382242512,144.787261775749,-99.5745235514976,99.5745235514976,NaN,NaN,NaN,1784662780.24631,19393.266902,2.03660416603088,0.0170402526855469,0.200811862945557,0.934335708618164,0.95041036605835,1.2258517742157,1.26784753799438,1.26784753799438,-1,-1,1.55313539505005,183.77161026001,275.441408157349,41.9957637786865,317.437171936035,Conflict,Left,Right,Left,Left,Right,0,1,0,1,1,0,1,1,0,1,0,0,1,0,0,1,1,0,1,133,93,20260721_t1530_srsSmooth_training_B002,33,13,8.19770177205404,1.57135915756226,1,2,177,1,0,0,1,1,1
20260721_t1530_srsSmooth_training,srs_smooth_training,trial0153.mat,153,153,133,2,40,33,96,76,20,8,1,2,7,2,70,31274,2,0,1,2,1,1,2,2,2,2,CHOSE_HIGH_SAL,1,455,1,0,0,0,1,0,163,45,163,45,118,45,1,180,213.581506479171,336.418493520829,33.5815064791715,156.418493520829,-122.836987041657,122.836987041657,NaN,NaN,NaN,1784662783.83506,19396.85561736,1.95652413368225,0.0117669105529785,0.278924942016602,1.0539026260376,1.07014203071594,1.303875207901,1.35396313667297,1.35396313667297,-1,-1,1.61449384689331,267.158031463623,233.733177185059,50.0879287719727,283.821105957031,Conflict,Right,Left,Left,Right,Left,0,1,0,1,1,0,0,0,1,1,1,1,0,1,1,0,1,0,1,134,94,20260721_t1530_srsSmooth_training_B002,34,14,8.25751424233119,1.55214405059814,1,2,185,1,1,0,0,1,1
20260721_t1530_srsSmooth_training,srs_smooth_training,trial0154.mat,154,154,134,2,41,34,96,76,20,8,1,1,5,2,39,6573,2,0,1,2,1,1,1,1,1,1,CHOSE_HIGH_SAL,1,455,1,0,0,0,1,0,181,66,181,66,115,181,1,180,276.56196234802,273.43803765198,96.5619623480203,93.4380376519797,3.1239246960406,3.1239246960406,NaN,NaN,NaN,1784662787.33384,19400.35420896,1.79075264930725,0.0131261348724365,0.238586187362671,0.763616323471069,0.779822826385498,1.00533628463745,1.04684805870056,1.04684805870056,-1,-1,1.30715179443359,225.460052490234,225.513458251953,41.5117740631104,267.025232315063,Congruent,Right,Left,Right,Right,Right,0,1,1,0,1,1,1,1,1,0,0,0,0,1,1,1,1,1,1,135,95,20260721_t1530_srsSmooth_training_B002,35,15,8.31582721074422,1.54225397109985,2,2,45,1,1,1,0,0,1
20260721_t1530_srsSmooth_training,srs_smooth_training,trial0155.mat,155,155,135,2,42,35,96,76,20,8,1,2,7,2,59,9348,2,0,1,2,1,1,2,2,1,1,CHOSE_LOW_SAL,2,455,1,0,0,0,1,0,165,86,165,86,79,165,1,0,52.4398204497027,137.560179550297,52.4398204497027,137.560179550297,-85.1203591005947,85.1203591005947,NaN,NaN,NaN,1784662790.68938,19403.70970568,1.72780609130859,0.0160548686981201,0.0170817375183105,0.691878795623779,0.707749128341675,0.908368110656738,0.96705961227417,0.96705961227417,-1,-1,1.26059079170227,1.02686882019043,200.618982315063,58.6915016174316,259.310483932495,Conflict,Right,Left,Right,Right,Left,0,1,0,1,1,1,1,1,0,0,0,0,1,1,1,0,1,0,1,136,96,20260721_t1530_srsSmooth_training_B002,36,16,8.37175282637278,1.56478428840637,1,1,181,1,0,0,1,1,1
20260721_t1530_srsSmooth_training,srs_smooth_training,trial0156.mat,156,156,136,2,43,36,96,76,20,8,1,2,8,2,79,19982,2,0,2,1,1,2,2,1,2,1,CHOSE_HIGH_SAL,1,455,1,0,0,0,1,0,184,78,184,78,106,78,1,0,55.3204036495513,134.679596350449,55.3204036495513,134.679596350449,-79.3591927008973,79.3591927008973,NaN,NaN,NaN,1784662793.99509,19407.01532672,1.73027968406677,0.0188083648681641,0.244490623474121,0.769556283950806,0.785505294799805,0.99450945854187,1.04430460929871,1.04430460929871,-1,-1,1.35477542877197,225.682258605957,209.004163742065,49.7951507568359,258.799314498901,Conflict,Left,Right,Right,Left,Right,0,1,0,1,1,1,0,0,1,0,1,1,0,0,0,1,1,0,1,137,97,20260721_t1530_srsSmooth_training_B002,37,17,8.4268479903539,1.57790374755859,1,1,165,1,1,0,0,1,1
20260721_t1530_srsSmooth_training,srs_smooth_training,trial0157.mat,157,157,137,2,44,37,96,76,20,8,1,2,8,2,82,31499,2,0,2,1,1,2,2,1,2,1,CHOSE_HIGH_SAL,1,455,1,0,0,0,1,0,170,64,170,64,106,64,1,0,23.2702820126434,166.729717987357,23.2702820126433,166.729717987357,-143.459435974713,143.459435974713,NaN,NaN,NaN,1784662797.29533,19410.31539756,1.5882453918457,0.0186948776245117,0.177603244781494,0.69418740272522,0.710388898849487,0.92745041847229,0.977743864059448,0.977743864059448,-1,-1,1.22135043144226,158.908367156982,217.061519622803,50.2934455871582,267.354965209961,Conflict,Left,Right,Right,Left,Right,0,1,0,1,1,1,0,0,1,0,1,1,0,0,0,1,1,0,1,138,98,20260721_t1530_srsSmooth_training_B002,38,18,8.48185202678045,1.56996250152588,2,1,78,1,0,0,1,1,1
20260721_t1530_srsSmooth_training,srs_smooth_training,trial0158.mat,158,158,138,2,45,38,96,76,20,8,1,1,6,2,48,8553,2,0,2,1,1,2,1,2,2,1,CHOSE_LOW_SAL,2,455,1,0,0,0,1,0,192,60,192,60,132,60,1,0,133.958946494357,56.0410535056429,133.958946494357,56.0410535056429,77.9178929887142,77.9178929887142,NaN,NaN,NaN,1784662800.46219,19413.48221508,1.72203826904297,0.0186197757720947,0.210654735565186,0.769149780273438,0.785317182540894,1.01085090637207,1.06107687950134,1.06107687950134,-1,-1,1.36306834220886,192.034959793091,225.533723831177,50.2259731292725,275.759696960449,Congruent,Left,Right,Right,Left,Left,0,1,1,0,1,1,0,0,0,0,1,1,1,0,0,0,1,1,1,139,99,20260721_t1530_srsSmooth_training_B002,39,19,8.53463312784831,1.57862067222595,2,1,64,1,0,0,1,1,1
20260721_t1530_srsSmooth_training,srs_smooth_training,trial0159.mat,159,159,139,2,46,39,96,76,20,8,1,1,5,2,26,28554,2,0,1,2,1,1,1,1,2,2,CHOSE_LOW_SAL,2,455,1,0,0,0,1,0,204,74,204,74,130,74,1,0,161.500385470192,28.4996145298084,161.500385470192,28.4996145298084,133.000770940383,133.000770940383,NaN,NaN,NaN,1784662803.74064,19416.76082576,1.75996923446655,0.0153048038482666,0.190793991088867,0.890819787979126,0.907005786895752,1.11587262153625,1.16587138175964,1.16587138175964,-1,-1,1.38432741165161,175.489187240601,208.866834640503,49.9987602233887,258.865594863892,Congruent,Right,Left,Left,Right,Right,0,1,1,0,1,0,0,0,0,1,1,1,1,1,1,1,1,1,1,140,100,20260721_t1530_srsSmooth_training_B002,40,20,8.58927385012309,1.55640506744385,2,1,60,1,0,1,1,0,1
20260721_t1530_srsSmooth_training,srs_smooth_training,trial0160.mat,160,160,140,2,47,40,96,76,20,8,1,2,7,2,71,3857,2,0,1,2,1,1,2,2,2,2,CHOSE_HIGH_SAL,1,455,1,0,0,0,1,0,202,91,202,91,111,91,1,180,197.358219174492,352.641780825508,17.358219174492,172.641780825508,-155.283561651016,155.283561651016,NaN,NaN,NaN,1784662807.073,19420.09312836,1.71960592269897,0.0164086818695068,0.191846609115601,0.758498907089233,0.774771451950073,0.991784572601318,1.03389644622803,1.03389644622803,-1,-1,1.32710266113281,175.437927246094,217.013120651245,42.111873626709,259.124994277954,Conflict,Right,Left,Left,Right,Left,0,1,0,1,1,0,0,0,1,1,1,1,0,1,1,0,1,0,1,141,101,20260721_t1530_srsSmooth_training_B002,41,21,8.64481316804886,1.57238984107971,2,2,74,1,0,0,1,1,1
20260721_t1530_srsSmooth_training,srs_smooth_training,trial0161.mat,161,161,141,2,48,41,96,76,20,8,1,1,6,2,51,2687,2,0,2,1,1,2,1,2,1,2,CHOSE_HIGH_SAL,1,455,1,0,1,0,1,0,201,95,201,95,106,201,1,180,352.10623447165,197.89376552835,172.10623447165,17.8937655283504,154.212468943299,154.212468943299,NaN,NaN,NaN,1784662810.39697,19423.41696312,1.99686813354492,0.0175626277923584,0.201367616653442,0.993371248245239,1.00926756858826,1.22666192054749,1.27658200263977,1.27658200263977,-1,-1,1.4953076839447,183.804988861084,217.394351959229,49.9200820922852,267.314434051514,Congruent,Left,Right,Left,Left,Left,0,1,1,0,1,0,1,1,1,1,0,0,0,0,0,0,1,1,1,142,102,20260721_t1530_srsSmooth_training_B002,42,22,8.70021276871363,1.6043701171875,2,2,91,1,1,0,0,1,1
20260721_t1530_srsSmooth_training,srs_smooth_training,trial0163.mat,163,163,142,2,50,42,96,76,20,8,1,1,6,2,44,15686,2,0,2,1,1,2,1,2,1,2,CHOSE_HIGH_SAL,1,455,1,0,0,0,1,0,189,65,189,65,124,189,1,0,116.657644805747,73.3423551942529,116.657644805747,73.3423551942529,43.3152896114942,43.3152896114942,NaN,NaN,NaN,1784662815.67992,19428.69971856,1.96317958831787,0.0181570053100586,0.102173328399658,0.860356330871582,0.876523971557617,1.12703037261963,1.16868138313293,1.16868138313293,-1,-1,1.4705924987793,84.0163230895996,250.506401062012,41.6510105133057,292.157411575317,Congruent,Left,Right,Left,Left,Left,0,1,1,0,1,0,1,1,1,1,0,0,0,0,0,0,1,1,1,143,103,20260721_t1530_srsSmooth_training_B002,43,23,8.78826183080673,3.28607559204102,1,2,201,1,0,0,1,1,1
20260721_t1530_srsSmooth_training,srs_smooth_training,trial0164.mat,164,164,143,2,51,43,96,76,20,8,1,2,8,2,95,32391,2,0,2,1,1,2,2,1,1,2,CHOSE_LOW_SAL,2,455,1,0,0,0,1,0,162,79,162,79,83,162,1,180,217.654989302665,332.345010697335,37.6549893026649,152.345010697335,-114.69002139467,114.69002139467,NaN,NaN,NaN,1784662819.19348,19432.21329672,1.49945735931396,0.0130615234375,0.0141427516937256,0.521989583969116,0.538082838058472,0.763549089431763,0.805230140686035,0.805230140686035,-1,-1,1.0407395362854,1.08122825622559,225.466251373291,41.6810512542725,267.147302627563,Conflict,Left,Right,Left,Left,Right,0,1,0,1,1,0,1,1,0,1,0,0,1,0,0,1,1,0,1,144,104,20260721_t1530_srsSmooth_training_B002,44,24,8.84682123263677,1.55038452148438,1,2,189,1,0,0,1,1,1
20260721_t1530_srsSmooth_training,srs_smooth_training,trial0165.mat,165,165,144,2,52,44,96,76,20,8,1,1,5,2,27,22762,2,0,1,2,1,1,1,1,2,2,CHOSE_LOW_SAL,2,455,1,0,0,0,1,0,183,71,183,71,112,71,1,0,113.960554345211,76.0394456547887,113.960554345211,76.0394456547887,37.9211086904227,37.9211086904227,NaN,NaN,NaN,1784662822.24958,19435.26933896,1.94446349143982,0.0154178142547607,0.282989740371704,1.01621651649475,1.03212404251099,1.27421140670776,1.32456588745117,1.32456588745117,-1,-1,1.57695651054382,267.571926116943,242.087364196777,50.3544807434082,292.441844940186,Congruent,Right,Left,Left,Right,Right,0,1,1,0,1,0,0,0,0,1,1,1,1,1,1,1,1,1,1,145,105,20260721_t1530_srsSmooth_training_B002,45,25,8.89775616327922,1.55663847923279,1,2,162,1,1,0,0,1,1
20260721_t1530_srsSmooth_training,srs_smooth_training,trial0166.mat,166,166,145,2,53,45,96,76,20,8,1,1,5,2,22,21877,2,0,1,2,1,1,1,1,2,2,CHOSE_LOW_SAL,2,455,1,0,0,0,1,0,176,70,176,70,106,70,1,180,309.107966117662,240.892033882338,129.107966117662,60.8920338823384,68.2159322353232,68.2159322353232,NaN,NaN,NaN,1784662828.32017,19441.3397736,1.70680499076843,0.0200614929199219,0.129799842834473,0.820835828781128,0.836759805679321,1.02910876274109,1.07082009315491,1.07082009315491,-1,-1,1.32265639305115,109.738349914551,192.348957061768,41.7113304138184,234.060287475586,Congruent,Right,Left,Left,Right,Right,0,1,1,0,1,0,0,0,0,1,1,1,1,1,1,1,1,1,1,146,106,20260721_t1530_srsSmooth_training_B002,46,26,8.99893268346787,4.12612771987915,2,2,71,1,0,0,1,1,1
20260721_t1530_srsSmooth_training,srs_smooth_training,trial0167.mat,167,167,146,2,54,46,96,76,20,8,1,2,8,2,78,6921,2,0,2,1,1,2,2,1,2,1,CHOSE_HIGH_SAL,1,455,1,0,3,0,1,0,180,74,180,74,106,74,1,0,15.662244721218,174.337755278782,15.662244721218,174.337755278782,-158.675510557564,158.675510557564,NaN,NaN,NaN,1784662831.60008,19444.6197232,1.65146136283875,0.0152771472930908,0.0159463882446289,0.632308483123779,0.648665428161621,0.924052238464355,0.974135637283325,0.974135637283325,-1,-1,1.27589106559753,0.669240951538086,275.386810302734,50.0833988189697,325.470209121704,Conflict,Left,Right,Right,Left,Right,0,1,0,1,1,1,0,0,1,0,1,1,0,0,0,1,1,0,1,147,107,20260721_t1530_srsSmooth_training_B002,47,27,9.05359785556793,1.5731053352356,2,2,70,1,0,1,1,0,1
20260721_t1530_srsSmooth_training,srs_smooth_training,trial0168.mat,168,168,147,2,55,47,96,76,20,8,1,1,5,2,23,28289,2,0,1,2,1,1,1,1,1,1,CHOSE_HIGH_SAL,1,455,1,0,0,0,1,0,172,88,172,88,84,172,1,180,336.020678369575,213.979321630425,156.020678369575,33.9793216304254,122.041356739149,122.041356739149,NaN,NaN,NaN,1784662834.80809,19447.82765012,2.72100901603699,0.0157279968261719,0.216261863708496,0.833154201507568,0.849093198776245,1.09954953193665,1.14965438842773,1.14965438842773,-1,-1,1.45176529884338,200.533866882324,250.4563331604,50.1048564910889,300.561189651489,Congruent,Right,Left,Right,Right,Right,0,1,1,0,1,1,1,1,1,0,0,0,0,1,1,1,1,1,1,148,108,20260721_t1530_srsSmooth_training_B002,48,28,9.107064640522,1.55654573440552,2,1,74,1,1,0,0,1,1
20260721_t1530_srsSmooth_training,srs_smooth_training,trial0169.mat,169,169,148,2,56,48,96,76,20,8,1,1,6,2,41,20182,2,0,2,1,1,2,1,2,2,1,CHOSE_LOW_SAL,2,455,1,0,0,0,1,0,172,76,172,76,96,76,1,0,99.9387531064791,90.0612468935209,99.9387531064791,90.0612468935209,9.87750621295822,9.87750621295822,NaN,NaN,NaN,1784662839.45674,19452.47600108,2.01273369789124,0.0172519683837891,0.309604644775391,1.03476190567017,1.05062484741211,1.28478455543518,1.33465576171875,1.33465576171875,-1,-1,1.63695478439331,292.352676391602,234.159708023071,49.8712062835693,284.030914306641,Congruent,Left,Right,Right,Left,Left,0,1,1,0,1,1,0,0,0,0,1,1,1,0,0,0,1,1,1,149,109,20260721_t1530_srsSmooth_training_B002,49,29,9.18454223076503,1.92764639854431,1,1,172,1,1,0,0,1,1
20260721_t1530_srsSmooth_training,srs_smooth_training,trial0170.mat,170,170,149,2,57,49,96,76,20,8,1,1,5,2,30,22983,2,0,1,2,1,1,1,1,1,1,CHOSE_HIGH_SAL,1,455,1,0,0,0,1,0,158,91,158,91,67,158,1,180,347.153973115126,202.846026884874,167.153973115126,22.8460268848742,144.307946230252,144.307946230252,NaN,NaN,NaN,1784662843.03439,19456.0537334,1.76783657073975,0.0147440433502197,0.199040651321411,0.799004077911377,0.814774990081787,1.04044055938721,1.08191919326782,1.08191919326782,-1,-1,1.30873084068298,184.296607971191,225.66556930542,41.4786338806152,267.144203186035,Congruent,Right,Left,Right,Right,Right,0,1,1,0,1,1,1,1,1,0,0,0,0,1,1,1,1,1,1,150,110,20260721_t1530_srsSmooth_training_B002,50,30,9.24416966040929,1.56491208076477,2,1,76,1,1,0,0,1,1
20260721_t1530_srsSmooth_training,srs_smooth_training,trial0171.mat,171,171,150,2,58,50,96,76,20,8,1,1,6,2,43,16505,2,0,2,1,1,2,1,2,2,1,CHOSE_LOW_SAL,2,455,1,0,0,0,1,0,164,82,164,82,82,82,1,180,298.254076531069,251.745923468931,118.254076531069,71.7459234689312,46.5081530621376,46.5081530621376,NaN,NaN,NaN,1784662846.34895,19459.36829304,1.83662056922913,0.0169713497161865,0.23413610458374,0.884110927581787,0.900338172912598,1.10072302818298,1.14240074157715,1.14240074157715,-1,-1,1.45243716239929,217.164754867554,200.384855270386,41.677713394165,242.062568664551,Congruent,Left,Right,Right,Left,Left,0,1,1,0,1,1,0,0,0,0,1,1,1,0,0,0,1,1,1,151,111,20260721_t1530_srsSmooth_training_B002,51,31,9.29941245714823,1.5467312335968,1,1,158,1,1,0,0,1,1
20260721_t1530_srsSmooth_training,srs_smooth_training,trial0172.mat,172,172,151,2,59,51,96,76,20,8,1,1,6,2,45,19192,2,0,2,1,1,2,1,2,2,1,CHOSE_LOW_SAL,2,455,1,0,0,0,1,0,171,77,171,77,94,77,1,0,132.280337409033,57.7196625909674,132.280337409033,57.7196625909673,74.5606748180653,74.5606748180653,NaN,NaN,NaN,1784662849.75122,19462.77044512,1.65107178688049,0.0148327350616455,0.207007646560669,0.715304136276245,0.731526613235474,0.956957340240479,1.01532030105591,1.01532030105591,-1,-1,1.27542495727539,192.174911499023,225.430727005005,58.3629608154297,283.793687820435,Congruent,Left,Right,Right,Left,Left,0,1,1,0,1,1,0,0,0,0,1,1,1,0,0,0,1,1,1,152,112,20260721_t1530_srsSmooth_training_B002,52,32,9.35611695051193,1.56564903259277,2,1,82,1,0,0,1,1,1
20260721_t1530_srsSmooth_training,srs_smooth_training,trial0173.mat,173,173,152,2,60,52,96,76,20,8,1,1,6,2,56,5279,2,0,2,1,1,2,1,2,2,1,CHOSE_LOW_SAL,2,455,1,0,0,0,1,0,187,88,187,88,99,88,1,0,154.92863095992,35.0713690400799,154.92863095992,35.0713690400798,119.85726191984,119.85726191984,NaN,NaN,NaN,1784662852.94343,19465.962499,1.87623286247253,0.014418363571167,0.290053367614746,0.915131807327271,0.9311203956604,1.14849162101746,1.19865775108337,1.19865775108337,-1,-1,1.48377132415771,275.635004043579,217.371225357056,50.166130065918,267.537355422974,Congruent,Left,Right,Right,Left,Left,0,1,1,0,1,1,0,0,0,0,1,1,1,0,0,0,1,1,1,153,113,20260721_t1530_srsSmooth_training_B002,53,33,9.40932035446167,1.54113245010376,2,1,77,1,0,0,1,1,1
20260721_t1530_srsSmooth_training,srs_smooth_training,trial0174.mat,174,174,153,2,61,53,96,76,20,8,1,2,7,2,61,16706,2,0,1,2,1,1,2,2,1,1,CHOSE_LOW_SAL,2,455,1,0,0,0,1,0,172,84,172,84,88,172,1,0,42.1663021095176,147.833697890482,42.1663021095176,147.833697890482,-105.667395780965,105.667395780965,NaN,NaN,NaN,1784662856.3866,19469.4057,2.07457947731018,0.0130431652069092,0.28016471862793,1.05516862869263,1.0714168548584,1.30515694618225,1.35514831542969,1.35514831542969,-1,-1,1.5987811088562,267.121553421021,233.740091323853,49.9913692474365,283.731460571289,Conflict,Right,Left,Right,Right,Left,0,1,0,1,1,1,1,1,0,0,0,0,1,1,1,0,1,0,1,154,114,20260721_t1530_srsSmooth_training_B002,54,34,9.46670659383138,1.56694149971008,2,1,88,1,1,0,0,1,1
20260721_t1530_srsSmooth_training,srs_smooth_training,trial0175.mat,175,175,154,2,62,54,96,76,20,8,1,2,7,2,77,7625,2,0,1,2,1,1,2,2,1,1,CHOSE_LOW_SAL,2,455,1,0,0,0,1,0,183,90,183,90,93,183,1,0,68.4783878629689,121.521612137031,68.4783878629689,121.521612137031,-53.0432242740621,53.0432242740621,NaN,NaN,NaN,1784662860.08545,19473.10443884,1.78355884552002,0.0143413543701172,0.214725732803345,0.739826917648315,0.756036520004272,0.981439352035522,1.03147220611572,1.03147220611572,-1,-1,1.29977989196777,200.384378433228,225.40283203125,50.0328540802002,275.43568611145,Conflict,Right,Left,Right,Right,Left,0,1,0,1,1,1,1,1,0,0,0,0,1,1,1,0,1,0,1,155,115,20260721_t1530_srsSmooth_training_B002,55,35,9.52835400104523,1.62426495552063,1,1,172,1,0,0,1,1,1
20260721_t1530_srsSmooth_training,srs_smooth_training,trial0176.mat,176,176,155,2,63,55,96,76,20,8,1,1,6,2,50,24425,2,0,2,1,1,2,1,2,2,1,CHOSE_LOW_SAL,2,455,1,0,0,0,1,0,151,76,151,76,75,76,1,0,113.167824255654,76.8321757443458,113.167824255654,76.8321757443458,36.3356485113085,36.3356485113085,NaN,NaN,NaN,1784662863.43417,19476.45313384,1.57653307914734,0.0157465934753418,0.0166599750518799,0.616192102432251,0.632437229156494,0.849573135375977,0.89117169380188,0.89117169380188,-1,-1,1.2012984752655,0.913381576538086,217.135906219482,41.5985584259033,258.734464645386,Congruent,Left,Right,Right,Left,Left,0,1,1,0,1,1,0,0,0,0,1,1,1,0,0,0,1,1,1,156,116,20260721_t1530_srsSmooth_training_B002,56,36,9.58416606982549,1.56516528129578,1,1,183,1,1,0,0,1,1
20260721_t1530_srsSmooth_training,srs_smooth_training,trial0177.mat,177,177,156,2,64,56,96,76,20,8,1,2,7,2,68,8825,2,0,1,2,1,1,2,2,1,1,CHOSE_LOW_SAL,2,455,1,0,0,0,1,0,192,46,192,46,146,192,1,0,13.4473648199316,176.552635180068,13.4473648199316,176.552635180068,-163.105270360137,163.105270360137,NaN,NaN,NaN,1784662866.57971,19479.5986452,1.81456065177917,0.0119996070861816,0.195955038070679,0.712701320648193,0.72869348526001,1.00407814979553,1.03731727600098,1.03731727600098,-1,-1,1.32269716262817,183.955430984497,275.384664535522,33.2391262054443,308.623790740967,Conflict,Right,Left,Right,Right,Left,0,1,0,1,1,1,1,1,0,0,0,0,1,1,1,0,1,0,1,157,117,20260721_t1530_srsSmooth_training_B002,57,37,9.6365916689237,1.569002866745,2,1,76,1,1,0,0,1,1
20260721_t1530_srsSmooth_training,srs_smooth_training,trial0178.mat,178,178,157,2,65,57,96,76,20,8,1,2,8,2,91,27148,2,0,2,1,1,2,2,1,0,0,,0,11,0,1,0,0,1,0,189,91,189,91,98,NaN,1,180,226.972538490318,323.027461509682,46.9725384903177,143.027461509682,-96.0549230193645,96.0549230193645,NaN,NaN,NaN,1784662869.97921,19482.99807764,0.0807647705078125,0.0126230716705322,0.0133795738220215,-1,-1,-1,-1,-1,-1,-1,-1,0.756502151489258,NaN,NaN,NaN,Conflict,Left,Right,None,Left,Right,0,1,0,1,0,NaN,NaN,NaN,NaN,NaN,NaN,NaN,NaN,0,0,1,1,0,0,157,NaN,20260721_t1530_srsSmooth_training_B002,NaN,NaN,9.69325012365977,1.58494663238525,NaN,NaN,NaN,0,NaN,NaN,NaN,NaN,0
20260721_t1530_srsSmooth_training,srs_smooth_training,trial0179.mat,179,179,157,2,66,57,96,76,20,8,1,1,5,2,33,10656,2,0,1,2,1,1,1,1,1,1,CHOSE_HIGH_SAL,1,455,1,0,0,0,1,0,190,53,190,53,137,190,1,180,328.973965095422,221.026034904578,148.973965095422,41.0260349045776,107.947930190845,107.947930190845,NaN,NaN,NaN,1784662871.5206,19484.53928564,1.90833616256714,0.0129683017730713,0.188530445098877,0.913493633270264,0.929669857025146,1.13841509819031,1.17999053001404,1.17999053001404,-1,-1,1.41504788398743,175.562143325806,208.745241165161,41.5754318237305,250.320672988892,Congruent,Right,Left,Right,Right,Right,0,1,1,0,1,1,1,1,1,0,0,0,0,1,1,1,1,1,1,158,118,20260721_t1530_srsSmooth_training_B002,58,38,9.71893980900447,1.46061635017395,1,1,192,1,0,0,1,1,1
20260721_t1530_srsSmooth_training,srs_smooth_training,trial0180.mat,180,180,158,2,67,58,96,76,20,8,1,2,8,2,92,20615,2,0,2,1,1,2,2,1,2,1,CHOSE_HIGH_SAL,1,455,1,0,0,0,1,0,176,85,176,85,91,85,1,0,19.3824019897461,170.617598010254,19.3824019897461,170.617598010254,-151.235196020508,151.235196020508,NaN,NaN,NaN,1784662875.01365,19488.03243124,2.0068199634552,0.011713981628418,0.237042188644409,1.03773856163025,1.05342102050781,1.27105498313904,1.320796251297,1.320796251297,-1,-1,1.62368106842041,225.328207015991,217.633962631226,49.741268157959,267.375230789185,Conflict,Left,Right,Right,Left,Right,0,1,0,1,1,1,0,0,1,0,1,1,0,0,0,1,1,0,1,159,119,20260721_t1530_srsSmooth_training_B002,59,39,9.7771574139595,1.58472013473511,1,1,190,1,1,0,0,1,1
20260721_t1530_srsSmooth_training,srs_smooth_training,trial0181.mat,181,181,159,2,68,59,96,76,20,8,1,1,6,2,49,19331,2,0,2,1,1,2,1,2,2,1,CHOSE_LOW_SAL,2,455,1,0,0,0,1,0,173,60,173,60,113,60,1,180,352.651566258501,197.348433741499,172.651566258501,17.3484337414989,155.303132517002,155.303132517002,NaN,NaN,NaN,1784662878.60901,19491.62761856,1.81954216957092,0.0164916515350342,0.19179892539978,0.941828966140747,0.949861764907837,1.17527055740356,1.2169497013092,1.2169497013092,-1,-1,1.46032786369324,175.307273864746,225.408792495728,41.6791439056396,267.087936401367,Congruent,Left,Right,Right,Left,Left,0,1,1,0,1,1,0,0,0,0,1,1,1,0,0,0,1,1,1,160,120,20260721_t1530_srsSmooth_training_B002,60,40,9.83708010117213,1.58854126930237,2,1,85,1,0,0,1,1,1
20260721_t1530_srsSmooth_training,srs_smooth_training,trial0182.mat,182,182,160,2,69,60,96,76,20,8,1,2,7,2,64,6567,2,0,1,2,1,1,2,2,2,2,CHOSE_HIGH_SAL,1,455,1,0,0,0,1,0,166,59,166,59,107,59,1,0,15.7186898970649,174.281310102935,15.7186898970649,174.281310102935,-158.56262020587,158.56262020587,NaN,NaN,NaN,1784662882.01767,19495.03620452,1.65239024162292,0.0162966251373291,0.208300352096558,0.733354806900024,0.749657392501831,1.02498650550842,1.07506608963013,1.07506608963013,-1,-1,1.29334211349487,192.003726959229,275.329113006592,50.0795841217041,325.408697128296,Conflict,Right,Left,Left,Right,Left,0,1,0,1,1,0,0,0,1,1,1,1,0,1,1,0,1,0,1,161,121,20260721_t1530_srsSmooth_training_B002,61,41,9.89389111995697,1.58911895751953,2,1,60,1,0,1,1,0,1
20260721_t1530_srsSmooth_training,srs_smooth_training,trial0183.mat,183,183,161,2,70,61,96,76,20,8,1,2,8,2,86,11887,2,0,2,1,1,2,2,1,2,1,CHOSE_HIGH_SAL,1,455,1,0,0,0,1,0,158,87,158,87,71,87,1,180,205.559511508699,344.440488491301,25.5595115086992,164.440488491301,-138.880976982602,138.880976982602,NaN,NaN,NaN,1784662885.23784,19498.25623432,1.81661224365234,0.0129237174987793,0.180320978164673,0.846569776535034,0.854622840881348,1.07157039642334,1.12223196029663,1.12223196029663,-1,-1,1.43257284164429,167.397260665894,216.947555541992,50.661563873291,267.609119415283,Conflict,Left,Right,Right,Left,Right,0,1,0,1,1,1,0,0,1,0,1,1,0,0,0,1,1,0,1,162,122,20260721_t1530_srsSmooth_training_B002,62,42,9.94756051301956,1.56777334213257,2,2,59,1,0,1,1,0,1
20260721_t1530_srsSmooth_training,srs_smooth_training,trial0184.mat,184,184,162,2,71,62,96,76,20,8,1,2,8,2,94,20218,2,0,2,1,1,2,2,1,1,2,CHOSE_LOW_SAL,2,455,1,0,0,0,1,0,184,97,184,97,87,184,1,0,27.4424653217615,162.557534678239,27.4424653217615,162.557534678239,-135.115069356477,135.115069356477,NaN,NaN,NaN,1784662888.61764,19501.63608064,1.83709120750427,0.0165858268737793,0.208750486373901,0.825278759002686,0.841618061065674,1.07549238204956,1.12537121772766,1.12537121772766,-1,-1,1.35280752182007,192.164659500122,233.874320983887,49.8788356781006,283.753156661987,Conflict,Left,Right,Left,Left,Right,0,1,0,1,1,0,1,1,0,1,0,0,1,0,0,1,1,0,1,163,123,20260721_t1530_srsSmooth_training_B002,63,43,10.0038905461629,1.56318974494934,2,1,87,1,1,1,0,0,1
20260721_t1530_srsSmooth_training,srs_smooth_training,trial0186.mat,186,186,163,2,73,63,96,76,20,8,1,2,8,2,91,27148,2,0,2,1,1,2,2,1,1,2,CHOSE_LOW_SAL,2,455,1,0,0,0,1,0,206,55,206,55,151,206,1,180,241.582240125888,308.417759874112,61.5822401258875,128.417759874112,-66.8355197482249,66.8355197482249,NaN,NaN,NaN,1784662893.75345,19506.77181484,1.85072422027588,0.0143046379089355,0.214694023132324,0.789706945419312,0.806001901626587,1.0064218044281,1.05660486221313,1.05660486221313,-1,-1,1.34195947647095,200.389385223389,200.419902801514,50.1830577850342,250.602960586548,Conflict,Left,Right,Left,Left,Right,0,1,0,1,1,0,1,1,0,1,0,0,1,0,0,1,1,0,1,164,124,20260721_t1530_srsSmooth_training_B002,64,44,10.0894874493281,3.29872298240662,1,2,184,1,0,0,1,1,1
20260721_t1530_srsSmooth_training,srs_smooth_training,trial0187.mat,187,187,164,2,74,64,96,76,20,8,1,1,6,2,47,11439,2,0,2,1,1,2,1,2,1,2,CHOSE_HIGH_SAL,1,455,1,0,0,0,1,0,175,89,175,89,86,175,1,0,160.911100129998,29.0888998700022,160.911100129998,29.0888998700022,131.822200259996,131.822200259996,NaN,NaN,NaN,1784662897.18218,19510.2004682,2.01403784751892,0.010709285736084,0.219579219818115,0.952895879745483,0.969079256057739,1.21123099327087,1.26118850708008,1.26118850708008,-1,-1,1.53801107406616,208.869934082031,242.151737213135,49.9575138092041,292.109251022339,Congruent,Left,Right,Left,Left,Left,0,1,1,0,1,0,1,1,1,1,0,0,0,0,0,0,1,1,1,165,125,20260721_t1530_srsSmooth_training_B002,65,45,10.1466329216957,1.5780041217804,1,2,206,1,0,0,1,1,1
20260721_t1530_srsSmooth_training,srs_smooth_training,trial0188.mat,188,188,165,2,75,65,96,76,20,8,1,1,5,2,25,2406,2,0,1,2,1,1,1,1,2,2,CHOSE_LOW_SAL,2,455,1,0,0,0,1,0,164,75,164,75,89,75,1,0,170.867322341927,19.132677658073,170.867322341927,19.132677658073,151.734644683854,151.734644683854,NaN,NaN,NaN,1784662900.80501,19513.8231706,1.54877281188965,0.0130200386047363,0.014113187789917,0.60509729385376,0.621376991271973,0.863465070724487,0.905216217041016,0.905216217041016,-1,-1,1.17371654510498,1.09314918518066,242.088079452515,41.7511463165283,283.839225769043,Congruent,Right,Left,Left,Right,Right,0,1,1,0,1,0,0,0,0,1,1,1,1,1,1,1,1,1,1,166,126,20260721_t1530_srsSmooth_training_B002,66,46,10.2070134123166,1.60879158973694,1,2,175,1,1,0,0,1,1
20260721_t1530_srsSmooth_training,srs_smooth_training,trial0189.mat,189,189,166,2,76,66,96,76,20,8,1,1,5,2,37,27299,2,0,1,2,1,1,1,1,2,2,CHOSE_LOW_SAL,2,455,1,0,0,0,1,0,187,70,187,70,117,70,1,180,359.800372397053,190.199627602947,179.800372397053,10.1996276029474,169.600744794105,169.600744794105,NaN,NaN,NaN,1784662903.95343,19516.97163128,1.95110487937927,0.0147230625152588,0.240273952484131,1.01552629470825,1.03142905235291,1.25676298141479,1.29874753952026,1.29874753952026,-1,-1,1.58392143249512,225.550889968872,225.33392906189,41.9845581054688,267.318487167358,Congruent,Right,Left,Left,Right,Right,0,1,1,0,1,0,0,0,0,1,1,1,1,1,1,1,1,1,1,167,127,20260721_t1530_srsSmooth_training_B002,67,47,10.2594870726267,1.59964680671692,2,2,75,1,0,0,1,1,1
20260721_t1530_srsSmooth_training,srs_smooth_training,trial0190.mat,190,190,167,2,77,67,96,76,20,8,1,2,8,2,87,26116,2,0,2,1,1,2,2,1,0,0,,0,11,0,1,0,0,1,0,159,70,159,70,89,NaN,1,0,10.0432429582179,179.956757041782,10.0432429582179,179.956757041782,-169.913514083564,169.913514083564,NaN,NaN,NaN,1784662907.46814,19520.48612508,0.269039392471313,0.0168166160583496,0.217187881469727,-1,-1,-1,-1,-1,-1,-1,-1,200.371265411377,NaN,NaN,NaN,Conflict,Left,Right,None,Left,Right,0,1,0,1,0,NaN,NaN,NaN,NaN,NaN,NaN,NaN,NaN,0,0,1,1,0,0,167,NaN,20260721_t1530_srsSmooth_training_B002,NaN,NaN,10.3180655638377,1.56360459327698,NaN,NaN,NaN,0,NaN,NaN,NaN,NaN,0
20260721_t1530_srsSmooth_training,srs_smooth_training,trial0191.mat,191,191,167,2,78,67,96,76,20,8,1,1,6,2,46,32099,2,0,2,1,1,2,1,2,1,2,CHOSE_HIGH_SAL,1,455,1,0,0,0,1,0,182,81,182,81,101,182,1,0,171.366060382651,18.6339396173489,171.366060382651,18.6339396173489,152.732120765302,152.732120765302,NaN,NaN,NaN,1784662909.19279,19522.21088312,1.91188311576843,0.0172369480133057,0.242591381072998,0.926276922225952,0.942272901535034,1.15096020698547,1.20106410980225,1.20106410980225,-1,-1,1.42785477638245,225.354433059692,208.687305450439,50.1039028167725,258.791208267212,Congruent,Left,Right,Left,Left,Left,0,1,1,0,1,0,1,1,1,1,0,0,0,0,0,0,1,1,1,168,128,20260721_t1530_srsSmooth_training_B002,68,48,10.3468096812566,1.45560765266418,2,2,70,1,1,0,0,1,1
20260721_t1530_srsSmooth_training,srs_smooth_training,trial0192.mat,192,192,168,2,79,68,96,76,20,8,1,2,8,2,85,28441,2,0,2,1,1,2,2,1,1,2,CHOSE_LOW_SAL,2,455,1,0,0,0,1,0,176,77,176,77,99,176,1,180,227.011277680058,322.988722319942,47.0112776800575,142.988722319942,-95.9774446398849,95.9774446398849,NaN,NaN,NaN,1784662912.69333,19525.71116644,1.89537596702576,0.0168328285217285,0.217782497406006,0.825989246368408,0.841864585876465,1.06749320030212,1.11775779724121,1.11775779724121,-1,-1,1.42001533508301,200.949668884277,225.628614425659,50.2645969390869,275.893211364746,Conflict,Left,Right,Left,Left,Right,0,1,0,1,1,0,1,1,0,1,0,0,1,0,0,1,1,0,1,169,129,20260721_t1530_srsSmooth_training_B002,69,49,10.4051520148913,1.58865690231323,1,2,182,1,0,0,1,1,1
20260721_t1530_srsSmooth_training,srs_smooth_training,trial0193.mat,193,193,169,2,80,69,96,76,20,8,1,1,5,2,29,22159,2,0,1,2,1,1,1,1,2,2,CHOSE_LOW_SAL,2,455,1,0,0,0,1,0,197,90,197,90,107,90,1,180,306.243968517616,243.756031482384,126.243968517616,63.7560314823838,62.4879370352323,62.4879370352323,NaN,NaN,NaN,1784662916.12206,19529.13988704,1.67520809173584,0.0132350921630859,0.014573335647583,0.772505283355713,0.788265228271484,1.01427102088928,1.05580949783325,1.05580949783325,-1,-1,1.28338646888733,1.33824348449707,226.005792617798,41.5384769439697,267.544269561768,Congruent,Right,Left,Left,Right,Right,0,1,1,0,1,0,0,0,0,1,1,1,1,1,1,1,1,1,1,170,130,20260721_t1530_srsSmooth_training_B002,70,50,10.4622975428899,1.53335571289062,1,2,176,1,1,0,0,1,1
20260721_t1530_srsSmooth_training,srs_smooth_training,trial0194.mat,194,194,170,2,81,70,96,76,20,8,1,1,6,2,55,14851,2,0,2,1,1,2,1,2,1,2,CHOSE_HIGH_SAL,1,455,1,0,0,0,1,0,179,75,179,75,104,179,1,0,159.422212288131,30.5777877118694,159.422212288131,30.5777877118693,128.844424576261,128.844424576261,NaN,NaN,NaN,1784662919.4155,19532.4333296,2.11502528190613,0.0115883350372314,0.28704309463501,1.01209473609924,1.02829527854919,1.27878618240356,1.33705902099609,1.33705902099609,-1,-1,1.63877487182617,275.454759597778,250.49090385437,58.2728385925293,308.763742446899,Congruent,Left,Right,Left,Left,Left,0,1,1,0,1,0,1,1,1,1,0,0,0,0,0,0,1,1,1,171,131,20260721_t1530_srsSmooth_training_B002,71,51,10.517188223203,1.61823272705078,2,2,90,1,1,0,0,1,1
20260721_t1530_srsSmooth_training,srs_smooth_training,trial0195.mat,195,195,171,2,82,71,96,76,20,8,1,2,7,2,74,2110,2,0,1,2,1,1,2,2,2,2,CHOSE_HIGH_SAL,1,455,1,0,0,0,1,0,212,55,212,55,157,55,1,180,271.738694620365,278.261305379635,91.7386946203652,98.2613053796348,-6.5226107592697,6.5226107592697,NaN,NaN,NaN,1784662923.10107,19536.11882092,1.55365586280823,0.0178296566009521,0.0187194347381592,0.63500714302063,0.651187419891357,0.884847402572632,0.935004234313965,0.935004234313965,-1,-1,1.19515466690063,0.889778137207031,233.659982681274,50.156831741333,283.816814422607,Conflict,Right,Left,Left,Right,Left,0,1,0,1,1,0,0,0,1,1,1,1,0,1,1,0,1,0,1,172,132,20260721_t1530_srsSmooth_training_B002,72,52,10.5786143859227,1.57054448127747,1,2,179,1,1,0,0,1,1
20260721_t1530_srsSmooth_training,srs_smooth_training,trial0196.mat,196,196,172,2,83,72,96,76,20,8,1,2,8,2,88,25768,2,0,2,1,1,2,2,1,0,0,,0,11,0,1,0,0,1,0,171,58,171,58,113,NaN,1,180,220.504620957227,329.495379042773,40.5046209572269,149.495379042773,-108.990758085546,108.990758085546,NaN,NaN,NaN,1784662926.23107,19539.24877436,0.072819709777832,0.0129513740539551,0.0217211246490479,-1,-1,-1,-1,-1,-1,-1,-1,8.76975059509277,NaN,NaN,NaN,Conflict,Left,Right,None,Left,Right,0,1,0,1,0,NaN,NaN,NaN,NaN,NaN,NaN,NaN,NaN,0,0,1,1,0,0,172,NaN,20260721_t1530_srsSmooth_training_B002,NaN,NaN,10.6307810544968,1.57634425163269,NaN,NaN,NaN,0,NaN,NaN,NaN,NaN,0
20260721_t1530_srsSmooth_training,srs_smooth_training,trial0197.mat,197,197,172,2,84,72,96,76,20,8,1,2,7,2,65,13978,2,0,1,2,1,1,2,2,2,2,CHOSE_HIGH_SAL,1,455,1,0,0,0,1,0,155,80,155,80,75,80,1,180,195.215980594077,354.784019405923,15.2159805940768,174.784019405923,-159.568038811846,159.568038811846,NaN,NaN,NaN,1784662927.8021,19540.81978328,1.75339603424072,0.0169792175292969,0.184098720550537,0.801160097122192,0.817010164260864,1.04275703430176,1.08407688140869,1.08407688140869,-1,-1,1.37745070457458,167.11950302124,225.746870040894,41.3198471069336,267.066717147827,Conflict,Right,Left,Left,Right,Left,0,1,0,1,1,0,0,0,1,1,1,1,0,1,1,0,1,0,1,173,133,20260721_t1530_srsSmooth_training_B002,73,53,10.6569649378459,1.49821329116821,2,2,55,1,0,0,1,1,1
20260721_t1530_srsSmooth_training,srs_smooth_training,trial0198.mat,198,198,173,2,85,73,96,76,20,8,1,1,6,2,54,10425,2,0,2,1,1,2,1,2,2,1,CHOSE_LOW_SAL,2,455,1,0,0,0,1,0,206,94,206,94,112,94,1,180,301.80894637312,248.19105362688,121.80894637312,68.1910536268796,53.6178927462409,53.6178927462409,NaN,NaN,NaN,1784662931.12851,19544.1461172,1.74409365653992,0.0157034397125244,0.22454047203064,0.758052110671997,0.774065494537354,1.01634621620178,1.06637072563171,1.06637072563171,-1,-1,1.35154056549072,208.837032318115,242.280721664429,50.0245094299316,292.30523109436,Congruent,Left,Right,Right,Left,Left,0,1,1,0,1,1,0,0,0,0,1,1,1,0,0,0,1,1,1,174,134,20260721_t1530_srsSmooth_training_B002,74,54,10.7124050378799,1.57300996780396,2,2,80,1,0,1,1,0,1
20260721_t1530_srsSmooth_training,srs_smooth_training,trial0199.mat,199,199,174,2,86,74,96,76,20,8,1,2,7,2,75,4116,2,0,1,2,1,1,2,2,0,0,,0,454,0,1,0,0,1,0,185,87,185,87,98,NaN,1,180,195.340156726234,354.659843273766,15.3401567262344,174.659843273766,-159.319686547531,159.319686547531,NaN,NaN,NaN,1784662934.47252,19547.4899876,1.24121761322021,0.0134897232055664,0.188981294631958,0.872530937194824,0.888523817062378,1.15556144714355,-1,-1,-1,-1,-1,175.491571426392,267.037630081177,NaN,NaN,Conflict,Right,Left,None,Right,Left,0,1,0,1,0,NaN,NaN,NaN,NaN,NaN,NaN,NaN,NaN,1,1,0,1,0,0,174,NaN,20260721_t1530_srsSmooth_training_B002,NaN,NaN,10.7681385477384,1.59991693496704,NaN,NaN,NaN,0,NaN,NaN,NaN,NaN,0
20260721_t1530_srsSmooth_training,srs_smooth_training,trial0200.mat,200,200,174,2,87,74,96,76,20,8,1,2,8,2,84,2581,2,0,2,1,1,2,2,1,2,1,CHOSE_HIGH_SAL,1,455,1,0,0,0,1,0,176,84,176,84,92,84,1,180,192.025016008295,357.974983991705,12.0250160082948,177.974983991705,-165.94996798341,165.94996798341,NaN,NaN,NaN,1784662937.20033,19550.217699,1.6389057636261,0.0191242694854736,0.219689130783081,0.73656153678894,0.75248646736145,0.994905948638916,1.03635287284851,1.03635287284851,-1,-1,1.25496625900269,200.564861297607,242.419481277466,41.4469242095947,283.866405487061,Conflict,Left,Right,Right,Left,Right,0,1,0,1,1,1,0,0,1,0,1,1,0,0,0,1,1,0,1,175,135,20260721_t1530_srsSmooth_training_B002,75,55,10.8136019706726,1.48658776283264,2,1,94,1,0,0,1,1,1
20260721_t1530_srsSmooth_training,srs_smooth_training,trial0201.mat,201,201,175,2,88,75,96,76,20,8,1,2,7,2,66,24022,2,0,1,2,1,1,2,2,1,1,,0,11,0,1,0,0,1,0,198,79,198,79,119,198,1,0,17.99742081071,172.00257918929,17.99742081071,172.00257918929,-154.00515837858,154.00515837858,NaN,NaN,NaN,1784662940.4051,19553.4224938,1.23417043685913,0.0144703388214111,0.173401594161987,0.87351131439209,0.889504432678223,1.13191699981689,1.1651668548584,1.1651668548584,-1,-1,-1,158.931255340576,242.412567138672,33.2498550415039,275.662422180176,Conflict,Right,Left,Right,Right,Left,0,1,0,1,0,NaN,NaN,NaN,NaN,NaN,NaN,NaN,NaN,1,1,0,1,0,0,175,NaN,20260721_t1530_srsSmooth_training_B002,NaN,NaN,10.8670149564743,1.56587338447571,NaN,NaN,NaN,0,NaN,NaN,NaN,NaN,0
20260721_t1530_srsSmooth_training,srs_smooth_training,trial0202.mat,202,202,175,2,89,75,96,76,20,8,1,2,7,2,66,24022,2,0,1,2,1,1,2,2,1,1,CHOSE_LOW_SAL,2,455,1,0,0,0,1,0,190,58,190,58,132,190,1,180,270.157720904109,279.842279095891,90.1577209041089,99.8422790958911,-9.68455819178223,9.68455819178223,NaN,NaN,NaN,1784662943.11853,19556.13579408,1.8799421787262,0.0178179740905762,0.160214185714722,0.785191059112549,0.80118203163147,1.03505945205688,1.07696723937988,1.07696723937988,-1,-1,1.38799905776978,142.396211624146,233.877420425415,41.907787322998,275.785207748413,Conflict,Right,Left,Right,Right,Left,0,1,0,1,1,1,1,1,0,0,0,0,1,1,1,0,1,0,1,176,136,20260721_t1530_srsSmooth_training_B002,76,56,10.9122386972109,1.47925400733948,2,1,84,1,1,0,0,1,1
20260721_t1530_srsSmooth_training,srs_smooth_training,trial0203.mat,203,203,176,2,90,76,96,76,20,8,1,2,7,2,60,6527,2,0,1,2,1,1,2,2,1,1,CHOSE_LOW_SAL,2,455,1,0,0,0,1,0,197,78,197,78,119,197,1,180,211.299560757059,338.700439242941,31.2995607570589,158.700439242941,-127.400878485882,127.400878485882,NaN,NaN,NaN,1784662946.55496,19559.57213444,1.84332704544067,0.0148575305938721,0.181902647018433,0.723764419555664,0.739885568618774,0.998748779296875,1.0402626991272,1.0402626991272,-1,-1,1.34201240539551,167.045116424561,258.863210678101,41.5139198303223,300.377130508423,Conflict,Right,Left,Right,Right,Left,0,1,0,1,1,1,1,1,0,0,0,0,1,1,1,0,1,0,1,177,137,20260721_t1530_srsSmooth_training_B002,77,57,10.9695125023524,1.55648612976074,1,1,190,1,0,0,1,1,1
20260721_t1530_srsSmooth_training,srs_smooth_training,trial0204.mat,204,204,177,2,91,77,96,76,20,8,1,1,5,2,35,6801,2,0,1,2,1,1,1,1,1,1,CHOSE_HIGH_SAL,1,455,1,0,0,0,1,0,181,70,181,70,111,181,1,180,350.465596579833,199.534403420167,170.465596579833,19.534403420167,150.931193159666,150.931193159666,NaN,NaN,NaN,1784662949.95349,19562.97067728,1.89437580108643,0.0164618492126465,0.0175316333770752,0.81731104850769,0.833159685134888,1.05067229270935,1.10059690475464,1.10059690475464,-1,-1,1.41055226325989,1.06978416442871,217.512607574463,49.9246120452881,267.437219619751,Congruent,Right,Left,Right,Right,Right,0,1,1,0,1,1,1,1,1,0,0,0,0,1,1,1,1,1,1,178,138,20260721_t1530_srsSmooth_training_B002,78,58,11.026154645284,1.55520153045654,1,1,197,1,0,0,1,1,1
20260721_t1530_srsSmooth_training,srs_smooth_training,trial0205.mat,205,205,178,2,92,78,96,76,20,8,1,2,8,2,88,25768,2,0,2,1,1,2,2,1,2,1,CHOSE_HIGH_SAL,1,455,1,0,0,0,1,0,201,63,201,63,138,63,1,0,23.3144235129655,166.685576487035,23.3144235129655,166.685576487034,-143.371152974069,143.371152974069,NaN,NaN,NaN,1784662953.40965,19566.42671244,1.84740614891052,0.0187690258026123,0.210922002792358,0.861006021499634,0.877135992050171,1.1277027130127,1.17787289619446,1.17787289619446,-1,-1,1.48806142807007,192.152976989746,250.566720962524,50.1701831817627,300.736904144287,Conflict,Left,Right,Right,Left,Right,0,1,0,1,1,1,0,0,1,0,1,1,0,0,0,1,1,0,1,179,139,20260721_t1530_srsSmooth_training_B002,79,59,11.0837573289871,1.56178522109985,1,1,181,1,1,0,0,1,1
20260721_t1530_srsSmooth_training,srs_smooth_training,trial0206.mat,206,206,179,2,93,79,96,76,20,8,1,1,5,2,28,27571,2,0,1,2,1,1,1,1,1,1,CHOSE_HIGH_SAL,1,455,1,0,0,0,1,0,168,49,168,49,119,168,1,180,357.756829443312,192.243170556688,177.756829443312,12.2431705566879,165.513658886624,165.513658886624,NaN,NaN,NaN,1784662956.84262,19569.85964184,1.92271614074707,0.0109255313873291,0.219802856445312,0.919837236404419,0.935962677001953,1.13647508621216,1.1948344707489,1.1948344707489,-1,-1,1.45509767532349,208.877325057983,200.512409210205,58.3593845367432,258.871793746948,Congruent,Right,Left,Right,Right,Right,0,1,1,0,1,1,1,1,1,0,0,0,0,1,1,1,1,1,1,180,140,20260721_t1530_srsSmooth_training_B002,80,60,11.14097361962,1.5855712890625,2,1,63,1,1,0,0,1,1
20260721_t1530_srsSmooth_training,srs_smooth_training,trial0207.mat,207,207,180,2,94,80,96,76,20,8,1,2,7,2,67,17262,2,0,1,2,1,1,2,2,1,1,CHOSE_LOW_SAL,2,455,1,0,0,0,1,0,176,74,176,74,102,176,1,0,26.833614367107,163.166385632893,26.8336143671069,163.166385632893,-136.332771265786,136.332771265786,NaN,NaN,NaN,1784662960.32861,19573.34555896,2.0869619846344,0.0167446136474609,0.200928926467896,0.967540979385376,0.983448266983032,1.28419470787048,1.32588505744934,1.32588505744934,-1,-1,1.61171221733093,184.184312820435,300.746440887451,41.6903495788574,342.436790466309,Conflict,Right,Left,Right,Right,Left,0,1,0,1,1,1,1,1,0,0,0,0,1,1,1,0,1,0,1,181,141,20260721_t1530_srsSmooth_training_B002,81,61,11.1990733702978,1.5632688999176,1,1,168,1,0,0,1,1,1
20260721_t1530_srsSmooth_training,srs_smooth_training,trial0208.mat,208,208,181,2,95,81,96,76,20,8,1,1,5,2,31,29341,2,0,1,2,1,1,1,1,1,1,CHOSE_HIGH_SAL,1,455,1,0,0,0,1,0,186,51,186,51,135,186,1,180,341.646349561728,208.353650438272,161.646349561728,28.3536504382722,133.292699123456,133.292699123456,NaN,NaN,NaN,1784662963.98913,19577.00603792,2.00935959815979,0.0146989822387695,0.190235376358032,0.948639631271362,0.964736700057983,1.18184900283813,1.23220705986023,1.23220705986023,-1,-1,1.52636313438416,175.536394119263,217.112302780151,50.3580570220947,267.470359802246,Congruent,Right,Left,Right,Right,Right,0,1,1,0,1,1,1,1,1,0,0,0,0,1,1,1,1,1,1,182,142,20260721_t1530_srsSmooth_training_B002,82,62,11.2600820620855,1.57355952262878,1,1,176,1,0,0,1,1,1
20260721_t1530_srsSmooth_training,srs_smooth_training,trial0209.mat,209,209,182,2,96,82,96,76,20,8,1,2,7,2,76,3029,2,0,1,2,1,1,2,2,1,1,CHOSE_LOW_SAL,2,455,1,0,0,0,1,0,164,62,164,62,102,164,1,0,10.3965659626239,179.603434037376,10.3965659626239,179.603434037376,-169.206868074752,169.206868074752,NaN,NaN,NaN,1784662967.58172,19580.59849848,2.02571368217468,0.0139212608337402,0.181324243545532,0.931451797485352,0.947290897369385,1.18984985351562,1.24804472923279,1.24804472923279,-1,-1,1.55812478065491,167.402982711792,242.55895614624,58.1948757171631,300.753831863403,Conflict,Right,Left,Right,Right,Left,0,1,0,1,1,1,1,1,0,0,0,0,1,1,1,0,1,0,1,183,143,20260721_t1530_srsSmooth_training_B002,83,63,11.3199584921201,1.58322620391846,1,1,186,1,0,0,1,1,1
20260721_t1530_srsSmooth_training,srs_smooth_training,trial0210.mat,210,210,183,2,97,83,96,76,20,8,1,1,6,2,40,25060,2,0,2,1,1,2,1,2,2,1,CHOSE_LOW_SAL,2,455,1,0,0,0,1,0,176,76,176,76,100,76,1,180,351.438847741876,198.561152258124,171.438847741876,18.5611522581237,152.877695483753,152.877695483753,NaN,NaN,NaN,1784662971.18112,19584.19793088,1.9509904384613,0.0146567821502686,0.231855392456055,1.02342677116394,1.03969645500183,1.25679636001587,1.29879546165466,1.29879546165466,-1,-1,1.57553291320801,217.198610305786,217.099905014038,41.9991016387939,259.099006652832,Congruent,Left,Right,Right,Left,Left,0,1,1,0,1,1,0,0,0,0,1,1,1,0,0,0,1,1,1,184,144,20260721_t1530_srsSmooth_training_B002,84,64,11.3799485842387,1.57369184494019,1,1,164,1,1,0,0,1,1
20260721_t1530_srsSmooth_training,srs_smooth_training,trial0211.mat,211,211,184,2,98,84,96,76,20,8,1,1,5,2,34,32599,2,0,1,2,1,1,1,1,1,1,CHOSE_HIGH_SAL,1,455,1,0,0,0,1,0,175,87,175,87,88,175,1,180,315.471719091529,234.528280908471,135.471719091529,54.5282809084711,80.9434381830578,80.9434381830578,NaN,NaN,NaN,1784662974.67811,19587.6947382,1.74608063697815,0.0178093910217285,0.1684410572052,0.735123872756958,0.751171350479126,0.993634223937988,1.05165696144104,1.05165696144104,-1,-1,1.27108311653137,150.631666183472,242.462873458862,58.0227375030518,300.485610961914,Congruent,Right,Left,Right,Right,Right,0,1,1,0,1,1,1,1,1,0,0,0,0,1,1,1,1,1,1,185,145,20260721_t1530_srsSmooth_training_B002,85,65,11.4382316509883,1.54599356651306,2,1,76,1,1,0,0,1,1
20260721_t1530_srsSmooth_training,srs_smooth_training,trial0212.mat,212,212,185,2,99,85,96,76,20,8,1,1,6,2,52,12287,2,0,2,1,1,2,1,2,2,1,CHOSE_LOW_SAL,2,455,1,0,0,0,1,0,165,106,165,106,59,106,1,180,308.613321678686,241.386678321314,128.613321678686,61.386678321314,67.2266433573721,67.2266433573721,NaN,NaN,NaN,1784662977.97244,19590.98915316,1.61829400062561,0.0152766704559326,0.182321310043335,0.699127674102783,0.715304613113403,0.940771341323853,0.982681751251221,0.982681751251221,-1,-1,1.20916223526001,167.044639587402,225.466728210449,41.9104099273682,267.377138137817,Congruent,Left,Right,Right,Left,Left,0,1,1,0,1,1,0,0,0,0,1,1,1,0,0,0,1,1,1,186,146,20260721_t1530_srsSmooth_training_B002,86,66,11.4931371331215,1.54824829101562,1,1,175,1,1,0,0,1,1
20260721_t1530_srsSmooth_training,srs_smooth_training,trial0213.mat,213,213,186,2,100,86,96,76,20,8,1,1,6,2,57,1962,2,0,2,1,1,2,1,2,2,1,CHOSE_LOW_SAL,2,455,1,0,0,0,1,0,179,74,179,74,105,74,1,180,354.626401269422,195.373598730578,174.626401269422,15.3735987305783,159.252802538843,159.252802538843,NaN,NaN,NaN,1784662981.14858,19594.16514496,1.61742496490479,0.0142583847045898,0.172966003417969,0.681426286697388,0.697618246078491,0.939763069152832,0.98155951499939,0.98155951499939,-1,-1,1.24157953262329,158.707618713379,242.144823074341,41.7964458465576,283.941268920898,Congruent,Left,Right,Right,Left,Left,0,1,1,0,1,1,0,0,0,0,1,1,1,0,0,0,1,1,1,187,147,20260721_t1530_srsSmooth_training_B002,87,67,11.5460728565852,1.55784940719604,2,1,106,1,0,0,1,1,1
20260721_t1530_srsSmooth_training,srs_smooth_training,trial0214.mat,214,214,187,2,101,87,96,76,20,8,1,2,7,2,69,25160,2,0,1,2,1,1,2,2,0,0,,0,454,0,1,0,0,1,0,187,52,187,52,135,NaN,1,0,10.5648321409489,179.435167859051,10.5648321409489,179.435167859051,-168.870335718102,168.870335718102,NaN,NaN,NaN,1784662984.33044,19597.34695584,1.37770748138428,0.015857458114624,0.257953643798828,1.01639676094055,1.03256464004517,1.2917001247406,-1,-1,-1,-1,-1,242.096185684204,259.135484695435,NaN,NaN,Conflict,Right,Left,None,Right,Left,0,1,0,1,0,NaN,NaN,NaN,NaN,NaN,NaN,NaN,NaN,1,1,0,1,0,0,187,NaN,20260721_t1530_srsSmooth_training_B002,NaN,NaN,11.5991038322449,1.56443357467651,NaN,NaN,NaN,0,NaN,NaN,NaN,NaN,0
20260721_t1530_srsSmooth_training,srs_smooth_training,trial0215.mat,215,215,187,2,102,87,96,76,20,8,1,1,5,2,36,9380,2,0,1,2,1,1,1,1,1,1,CHOSE_HIGH_SAL,1,455,1,0,0,0,1,0,172,72,172,72,100,172,1,0,143.427553814425,46.5724461855751,143.427553814425,46.5724461855751,96.8551076288499,96.8551076288499,NaN,NaN,NaN,1784662987.14924,19600.16577784,1.8090398311615,0.0138285160064697,0.189801692962646,0.764684915542603,0.780525684356689,1.02315521240234,1.0730984210968,1.0730984210968,-1,-1,1.3415858745575,175.973176956177,242.629528045654,49.943208694458,292.572736740112,Congruent,Right,Left,Right,Right,Right,0,1,1,0,1,1,1,1,1,0,0,0,0,1,1,1,1,1,1,188,148,20260721_t1530_srsSmooth_training_B002,88,68,11.6460839351018,1.44109869003296,2,1,74,1,1,0,0,1,1
20260721_t1530_srsSmooth_training,srs_smooth_training,trial0216.mat,216,216,188,2,103,88,96,76,20,8,1,2,7,2,63,27200,2,0,1,2,1,1,2,2,1,1,CHOSE_LOW_SAL,2,455,1,0,0,0,1,0,186,66,186,66,120,186,1,0,36.4666428579764,153.533357142024,36.4666428579764,153.533357142024,-117.066714284047,117.066714284047,NaN,NaN,NaN,1784662990.50965,19603.52599764,2.05686378479004,0.0118834972381592,0.229317665100098,1.01265001296997,1.02858948707581,1.23755025863647,1.27905011177063,1.27905011177063,-1,-1,1.57270812988281,217.434167861938,208.960771560669,41.4998531341553,250.460624694824,Conflict,Right,Left,Right,Right,Left,0,1,0,1,1,1,1,1,0,0,0,0,1,1,1,0,1,0,1,189,149,20260721_t1530_srsSmooth_training_B002,89,69,11.7020907839139,1.5513710975647,1,1,172,1,0,0,1,1,1
20260721_t1530_srsSmooth_training,srs_smooth_training,trial0217.mat,217,217,189,2,104,89,96,76,20,8,1,1,5,2,32,19248,2,0,1,2,1,1,1,1,1,1,CHOSE_HIGH_SAL,1,455,1,0,0,0,1,0,181,79,181,79,102,181,1,0,121.299443523738,68.7005564762624,121.299443523738,68.7005564762624,52.5988870474752,52.5988870474752,NaN,NaN,NaN,1784662994.16052,19607.17690824,1.57298636436462,0.011164665222168,0.0118973255157471,0.528490781784058,0.544518709182739,0.778412580490112,0.820414304733276,0.820414304733276,-1,-1,1.08926200866699,0.732660293579102,233.893871307373,42.0017242431641,275.895595550537,Congruent,Right,Left,Right,Right,Right,0,1,1,0,1,1,1,1,1,0,0,0,0,1,1,1,1,1,1,190,150,20260721_t1530_srsSmooth_training_B002,90,70,11.7629384795825,1.59399795532227,1,1,186,1,0,0,1,1,1
20260721_t1530_srsSmooth_training,srs_smooth_training,trial0218.mat,218,218,190,2,105,90,96,76,20,8,1,2,7,2,73,13829,2,0,1,2,1,1,2,2,1,1,CHOSE_LOW_SAL,2,455,1,0,0,0,1,0,187,78,187,78,109,187,1,0,41.8136380158909,148.186361984109,41.8136380158909,148.186361984109,-106.372723968218,106.372723968218,NaN,NaN,NaN,1784662997.2941,19610.31016836,1.8564395904541,0.0110392570495605,0.170101881027222,0.770096063613892,0.786069393157959,1.01191782951355,1.06161308288574,1.06161308288574,-1,-1,1.37188458442688,159.062623977661,225.848436355591,49.6952533721924,275.543689727783,Conflict,Right,Left,Right,Right,Left,0,1,0,1,1,1,1,1,0,0,0,0,1,1,1,0,1,0,1,191,151,20260721_t1530_srsSmooth_training_B002,91,71,11.815164856116,1.56059622764587,1,1,181,1,0,0,1,1,1
20260721_t1530_srsSmooth_training,srs_smooth_training,trial0219.mat,219,219,191,2,106,91,96,76,20,8,1,2,7,2,69,25160,2,0,1,2,1,1,2,2,1,1,CHOSE_LOW_SAL,2,455,1,0,0,0,1,0,178,74,178,74,104,178,1,180,251.228361706669,298.771638293331,71.2283617066693,118.771638293331,-47.5432765866614,47.5432765866614,NaN,NaN,NaN,1784663000.70323,19613.71933764,1.87206149101257,0.0187134742736816,0.202596187591553,0.852483510971069,0.868746280670166,1.08580803871155,1.13612866401672,1.13612866401672,-1,-1,1.39648747444153,183.882713317871,217.061758041382,50.3206253051758,267.382383346558,Conflict,Right,Left,Right,Right,Left,0,1,0,1,1,1,1,1,0,0,0,0,1,1,1,0,1,0,1,192,152,20260721_t1530_srsSmooth_training_B002,92,72,11.8719836393992,1.55268740653992,1,1,187,1,0,0,1,1,1
20260721_t1530_srsSmooth_training,srs_smooth_training,trial0221.mat,221,221,192,2,108,92,96,76,20,8,1,2,8,2,87,26116,2,0,2,1,1,2,2,1,2,1,CHOSE_HIGH_SAL,1,455,1,0,0,0,1,0,192,61,192,61,131,61,1,180,191.828906504851,358.171093495149,11.8289065048515,178.171093495149,-166.342186990297,166.342186990297,NaN,NaN,NaN,1784663005.88074,19618.89690152,3.34574747085571,0.0164008140563965,0.241850852966309,0.966887950897217,0.983105659484863,1.22533106803894,1.26708912849426,1.26708912849426,-1,-1,1.52721166610718,225.450038909912,242.225408554077,41.7580604553223,283.983469009399,Conflict,Left,Right,Right,Left,Right,0,1,0,1,1,1,0,0,1,0,1,1,0,0,0,1,1,0,1,193,153,20260721_t1530_srsSmooth_training_B002,93,73,11.9582755645116,3.30545401573181,1,1,178,1,1,0,0,1,1
20260721_t1530_srsSmooth_training,srs_smooth_training,trial0222.mat,222,222,193,2,109,93,96,76,20,8,1,2,8,2,81,23812,2,0,2,1,1,2,2,1,2,1,CHOSE_HIGH_SAL,1,455,1,0,0,0,1,0,190,62,190,62,128,62,1,0,25.4483553567379,164.551644643262,25.4483553567379,164.551644643262,-139.103289286524,139.103289286524,NaN,NaN,NaN,1784663011.22937,19624.24542348,1.963383436203,0.0179789066314697,0.226728916168213,1.02684020996094,1.04301905632019,1.29381918907166,1.34345579147339,1.34345579147339,-1,-1,1.60416221618652,208.750009536743,250.800132751465,49.6366024017334,300.436735153198,Conflict,Left,Right,Right,Left,Right,0,1,0,1,1,1,0,0,1,0,1,1,0,0,0,1,1,0,1,194,154,20260721_t1530_srsSmooth_training_B002,94,74,12.04741944472,2.00288534164429,2,1,61,1,0,0,1,1,1
20260721_t1530_srsSmooth_training,srs_smooth_training,trial0223.mat,223,223,194,2,110,94,96,76,20,8,1,1,5,2,21,19772,2,0,1,2,1,1,1,1,2,2,CHOSE_LOW_SAL,2,455,1,0,0,0,1,0,180,80,180,80,100,80,1,180,301.929148986101,248.070851013899,121.929148986101,68.070851013899,53.8582979722021,53.8582979722021,NaN,NaN,NaN,1784663014.77072,19627.78659948,1.61303853988647,0.0184345245361328,0.202357292175293,0.718920230865479,0.735129594802856,0.927406549453735,0.977295875549316,0.977295875549316,-1,-1,1.22946643829346,183.92276763916,192.276954650879,49.8893260955811,242.16628074646,Congruent,Right,Left,Left,Right,Right,0,1,1,0,1,0,0,0,0,1,1,1,1,1,1,1,1,1,1,195,155,20260721_t1530_srsSmooth_training_B002,95,75,12.106441950798,1.57796692848206,2,1,62,1,0,1,1,0,1
20260721_t1530_srsSmooth_training,srs_smooth_training,trial0224.mat,224,224,195,2,111,95,96,76,20,8,1,2,7,2,75,4116,2,0,1,2,1,1,2,2,1,1,CHOSE_LOW_SAL,2,455,1,0,0,0,1,0,202,67,202,67,135,202,1,180,241.642083917364,308.357916082636,61.6420839173641,128.357916082636,-66.7158321652717,66.7158321652717,NaN,NaN,NaN,1784663017.97479,19630.99064032,1.75157046318054,0.0144999027252197,0.181695461273193,0.73172664642334,0.747861862182617,0.981904029846191,1.03189659118652,1.03189659118652,-1,-1,1.2506160736084,167.195558547974,234.042167663574,49.992561340332,284.034729003906,Conflict,Right,Left,Right,Right,Left,0,1,0,1,1,1,1,1,0,0,0,0,1,1,1,0,1,0,1,196,156,20260721_t1530_srsSmooth_training_B002,96,76,12.1598429640134,1.5910222530365,2,2,80,1,1,1,0,0,1
20260721_t1530_srsSmooth_training,srs_smooth_training,trial0225.mat,225,225,196,3,1,0,104,84,20,8,2,0,4,1,17,9640,1,2,1,2,2,2,2,2,0,0,,0,454,0,1,0,0,1,0,57,186,186,57,-129,NaN,1,0,10,180,10,180,-170,170,NaN,NaN,NaN,1784663021.29553,19634.3112276,1.09634256362915,0.0188896656036377,0.019756555557251,0.736071109771729,0.752251625061035,1.00278687477112,-1,-1,-1,-1,-1,0.866889953613281,250.535249710083,NaN,NaN,Instruction,Right,Left,None,Left,Left,1,0,0,0,0,NaN,NaN,NaN,NaN,NaN,NaN,NaN,NaN,1,0,0,0,0,0,196,NaN,20260721_t1530_srsSmooth_training_B003,NaN,NaN,12.2151886502902,1.56917071342468,NaN,NaN,NaN,0,NaN,NaN,NaN,NaN,0
20260721_t1530_srsSmooth_training,srs_smooth_training,trial0226.mat,226,226,196,3,2,0,104,84,20,8,2,0,3,1,11,20004,1,2,2,1,2,1,2,1,2,1,SINGLE_T2_CORRECT,11,455,1,0,0,0,1,0,35,168,168,35,-133,168,1,0,10,180,10,180,-170,170,NaN,NaN,NaN,1784663023.802,19636.81767252,2.04925775527954,0.0125167369842529,0.204645156860352,0.988271713256836,1.00422167778015,1.25491142272949,1.30490207672119,1.30490207672119,-1,-1,1.58203601837158,192.128419876099,250.689744949341,49.9906539916992,300.68039894104,Instruction,Left,Right,Right,Right,Right,1,0,0,0,0,NaN,NaN,NaN,NaN,NaN,NaN,NaN,NaN,0,1,1,0,0,0,197,NaN,20260721_t1530_srsSmooth_training_B003,1,NaN,12.2569631814957,1.41012930870056,NaN,NaN,NaN,0,NaN,NaN,NaN,NaN,0
20260721_t1530_srsSmooth_training,srs_smooth_training,trial0227.mat,227,227,197,3,3,1,104,84,20,8,2,0,2,1,7,28805,1,1,2,1,2,1,1,2,1,2,SINGLE_T1_CORRECT,10,455,1,0,0,0,1,0,9,153,153,9,-144,9,1,0,180,10,180,10,170,170,NaN,NaN,NaN,1784663027.42547,19640.44113376,2.00961637496948,0.0141923427581787,0.248131513595581,1.03988790512085,1.05589962005615,1.33995389938354,1.38994383811951,1.38994383811951,-1,-1,1.70046329498291,233.939170837402,284.054279327393,49.9899387359619,334.044218063354,Instruction,Left,Right,Left,Right,Left,1,0,0,0,0,NaN,NaN,NaN,NaN,NaN,NaN,NaN,NaN,0,1,0,0,1,0,198,NaN,20260721_t1530_srsSmooth_training_B003,2,NaN,12.3173543016116,1.57420945167542,NaN,NaN,NaN,0,NaN,NaN,NaN,NaN,0
20260721_t1530_srsSmooth_training,srs_smooth_training,trial0228.mat,228,228,198,3,4,2,104,84,20,8,2,0,2,1,9,3476,1,1,2,1,2,1,1,2,0,0,,0,454,0,1,0,0,1,0,32,190,190,32,-158,NaN,1,0,180,10,180,10,170,170,NaN,NaN,NaN,1784663030.99536,19644.0108736,1.03008008003235,0.0111002922058105,0.103134393692017,0.703233480453491,0.71946120262146,0.953271150588989,-1,-1,-1,-1,-1,92.0341014862061,233.809947967529,NaN,NaN,Instruction,Left,Right,None,Right,Left,1,0,0,0,0,NaN,NaN,NaN,NaN,NaN,NaN,NaN,NaN,0,1,0,0,1,0,198,NaN,20260721_t1530_srsSmooth_training_B003,NaN,NaN,12.3768526236216,1.56028294563293,NaN,NaN,NaN,0,NaN,NaN,NaN,NaN,0
20260721_t1530_srsSmooth_training,srs_smooth_training,trial0229.mat,229,229,198,3,5,2,104,84,20,8,2,0,4,1,20,29864,1,2,1,2,2,2,2,2,2,2,SINGLE_T2_CORRECT,11,455,1,0,3,0,1,0,23,175,175,23,-152,175,1,180,190,0,10,180,-170,170,NaN,NaN,NaN,1784663033.44996,19646.46540716,2.10212898254395,0.0149397850036621,0.207138061523438,0.990587949752808,1.00664567947388,1.29057693481445,1.34057664871216,1.34057664871216,-1,-1,1.62582325935364,192.198276519775,283.931255340576,49.9997138977051,333.930969238281,Instruction,Right,Left,Left,Left,Left,1,0,0,0,0,NaN,NaN,NaN,NaN,NaN,NaN,NaN,NaN,1,0,0,0,0,0,199,NaN,20260721_t1530_srsSmooth_training_B003,3,NaN,12.4177624662717,1.42451047897339,NaN,NaN,NaN,0,NaN,NaN,NaN,NaN,0
20260721_t1530_srsSmooth_training,srs_smooth_training,trial0230.mat,230,230,199,3,6,3,104,84,20,8,2,0,2,1,6,14466,1,1,2,1,2,1,1,2,1,2,SINGLE_T1_CORRECT,10,455,1,0,0,0,1,0,24,149,149,24,-125,24,1,180,0,190,180,10,170,170,NaN,NaN,NaN,1784663037.12205,19650.1374324,1.76286816596985,0.0179917812347412,0.193626403808594,0.810023546218872,0.826357126235962,1.08511400222778,1.14355945587158,1.14355945587158,-1,-1,1.43728065490723,175.634622573853,258.756875991821,58.4454536437988,317.20232963562,Instruction,Left,Right,Left,Right,Left,1,0,0,0,0,NaN,NaN,NaN,NaN,NaN,NaN,NaN,NaN,0,1,0,0,1,0,200,NaN,20260721_t1530_srsSmooth_training_B003,4,NaN,12.4789640108744,1.56996369361877,NaN,NaN,NaN,0,NaN,NaN,NaN,NaN,0
20260721_t1530_srsSmooth_training,srs_smooth_training,trial0231.mat,231,231,200,3,7,4,104,84,20,8,2,0,1,1,3,11528,1,1,1,2,2,2,1,1,1,1,SINGLE_T1_CORRECT,10,455,1,0,0,0,1,0,46,165,165,46,-119,46,1,180,0,190,180,10,170,170,NaN,NaN,NaN,1784663040.45036,19653.46568744,1.57678866386414,0.0148136615753174,0.190791368484497,0.723524570465088,0.739841461181641,0.949087858200073,0.990728378295898,0.990728378295898,-1,-1,1.23399758338928,175.97770690918,209.246397018433,41.6405200958252,250.886917114258,Instruction,Right,Left,Right,Left,Right,1,0,0,0,0,NaN,NaN,NaN,NaN,NaN,NaN,NaN,NaN,1,0,1,0,1,0,201,NaN,20260721_t1530_srsSmooth_training_B003,5,NaN,12.5344358364741,1.56544137001038,NaN,NaN,NaN,0,NaN,NaN,NaN,NaN,0
20260721_t1530_srsSmooth_training,srs_smooth_training,trial0232.mat,232,232,201,3,8,5,104,84,20,8,2,0,1,1,1,8185,1,1,1,2,2,2,1,1,1,1,SINGLE_T1_CORRECT,10,455,1,0,0,0,1,0,33,188,188,33,-155,33,1,0,180,10,180,10,170,170,NaN,NaN,NaN,1784663043.58808,19656.6032318,2.00604200363159,0.0188777446746826,0.211468458175659,0.994723320007324,1.01058292388916,1.31966042518616,1.36152505874634,1.36152505874634,-1,-1,1.67120385169983,192.590713500977,309.077501296997,41.8646335601807,350.942134857178,Instruction,Right,Left,Right,Left,Right,1,0,0,0,0,NaN,NaN,NaN,NaN,NaN,NaN,NaN,NaN,1,0,1,0,1,0,202,NaN,20260721_t1530_srsSmooth_training_B003,6,NaN,12.5867312630018,1.56093692779541,NaN,NaN,NaN,0,NaN,NaN,NaN,NaN,0
20260721_t1530_srsSmooth_training,srs_smooth_training,trial0234.mat,234,234,202,3,10,6,104,84,20,8,2,0,3,1,15,24860,1,2,2,1,2,1,2,1,2,1,SINGLE_T2_CORRECT,11,455,1,0,0,0,1,0,56,211,211,56,-155,211,1,180,190,0,10,180,-170,170,NaN,NaN,NaN,1784663048.92762,19661.94266968,1.97527694702148,0.0128829479217529,0.280032873153687,0.788647890090942,0.804581165313721,1.13834404945374,1.18849730491638,1.18849730491638,-1,-1,1.465327501297,267.149925231934,333.762884140015,50.1532554626465,383.916139602661,Instruction,Left,Right,Right,Right,Right,1,0,0,0,0,NaN,NaN,NaN,NaN,NaN,NaN,NaN,NaN,0,1,1,0,0,0,203,NaN,20260721_t1530_srsSmooth_training_B003,7,NaN,12.6757235447566,3.3334949016571,NaN,NaN,NaN,0,NaN,NaN,NaN,NaN,0
20260721_t1530_srsSmooth_training,srs_smooth_training,trial0235.mat,235,235,203,3,11,7,104,84,20,8,2,0,1,1,4,12248,1,1,1,2,2,2,1,1,1,1,SINGLE_T1_CORRECT,10,455,1,0,0,0,1,0,54,145,145,54,-91,54,1,0,180,10,180,10,170,170,NaN,NaN,NaN,1784663052.46474,19665.47975432,1.6459276676178,0.0175647735595703,0.0185399055480957,0.684869289398193,0.700924634933472,0.943023204803467,0.993024349212646,0.993024349212646,-1,-1,1.2950427532196,0.975131988525391,242.098569869995,50.0011444091797,292.099714279175,Instruction,Right,Left,Right,Left,Right,1,0,0,0,0,NaN,NaN,NaN,NaN,NaN,NaN,NaN,NaN,1,0,1,0,1,0,204,NaN,20260721_t1530_srsSmooth_training_B003,8,NaN,12.7346756180127,1.561847448349,NaN,NaN,NaN,0,NaN,NaN,NaN,NaN,0
20260721_t1530_srsSmooth_training,srs_smooth_training,trial0236.mat,236,236,204,3,12,8,104,84,20,8,2,0,3,1,12,19523,1,2,2,1,2,1,2,1,0,0,,0,454,0,1,0,0,1,0,28,161,161,28,-133,NaN,1,0,10,180,10,180,-170,170,NaN,NaN,NaN,1784663055.65054,19668.66566552,1.14288759231567,0.0152220726013184,0.199124813079834,0.807450294494629,0.82358717918396,1.05724954605103,-1,-1,-1,-1,-1,183.902740478516,233.662366867065,NaN,NaN,Instruction,Left,Right,None,Right,Right,1,0,0,0,0,NaN,NaN,NaN,NaN,NaN,NaN,NaN,NaN,0,1,1,0,0,0,204,NaN,20260721_t1530_srsSmooth_training_B003,NaN,NaN,12.787772277991,1.53987193107605,NaN,NaN,NaN,0,NaN,NaN,NaN,NaN,0
20260721_t1530_srsSmooth_training,srs_smooth_training,trial0237.mat,237,237,204,3,13,8,104,84,20,8,2,0,2,1,8,6666,1,1,2,1,2,1,1,2,1,2,SINGLE_T1_CORRECT,10,455,1,0,0,0,1,0,42,173,173,42,-131,42,1,180,0,190,180,10,170,170,NaN,NaN,NaN,1784663058.20211,19671.2169998,2.00151467323303,0.0137579441070557,0.272568941116333,1.0309591293335,1.04713082313538,1.31420040130615,1.35585522651672,1.35585522651672,-1,-1,1.65810608863831,258.810997009277,267.069578170776,41.6548252105713,308.724403381348,Instruction,Left,Right,Left,Right,Left,1,0,0,0,0,NaN,NaN,NaN,NaN,NaN,NaN,NaN,NaN,0,1,0,0,1,0,205,NaN,20260721_t1530_srsSmooth_training_B003,9,NaN,12.8302983482679,1.4086766242981,NaN,NaN,NaN,0,NaN,NaN,NaN,NaN,0
20260721_t1530_srsSmooth_training,srs_smooth_training,trial0238.mat,238,238,205,3,14,9,104,84,20,8,2,0,4,1,16,10023,1,2,1,2,2,2,2,2,2,2,SINGLE_T2_CORRECT,11,455,1,0,0,0,1,0,37,197,197,37,-160,197,1,0,10,180,10,180,-170,170,NaN,NaN,NaN,1784663061.75549,19674.77052968,1.97212147712708,0.0105164051055908,0.169202327728271,0.835966348648071,0.852216243743896,1.17762160301208,1.2192165851593,1.2192165851593,-1,-1,1.4708456993103,158.685922622681,325.405359268188,41.5949821472168,367.000341415405,Instruction,Right,Left,Left,Left,Left,1,0,0,0,0,NaN,NaN,NaN,NaN,NaN,NaN,NaN,NaN,1,0,0,0,0,0,206,NaN,20260721_t1530_srsSmooth_training_B003,10,NaN,12.8895213365555,1.55186462402344,NaN,NaN,NaN,0,NaN,NaN,NaN,NaN,0
20260721_t1530_srsSmooth_training,srs_smooth_training,trial0239.mat,239,239,206,3,15,10,104,84,20,8,2,0,4,1,17,9640,1,2,1,2,2,2,2,2,2,2,SINGLE_T2_CORRECT,11,455,1,0,0,0,1,0,29,158,158,29,-129,158,1,0,10,180,10,180,-170,170,NaN,NaN,NaN,1784663065.31834,19678.33316076,1.85909247398376,0.0144648551940918,0.19000244140625,0.781480550765991,0.797828912734985,1.04821634292603,1.09825015068054,1.09825015068054,-1,-1,1.40019345283508,175.537586212158,250.38743019104,50.0338077545166,300.421237945557,Instruction,Right,Left,Left,Left,Left,1,0,0,0,0,NaN,NaN,NaN,NaN,NaN,NaN,NaN,NaN,1,0,0,0,0,0,207,NaN,20260721_t1530_srsSmooth_training_B003,11,NaN,12.9489022811254,1.59073519706726,NaN,NaN,NaN,0,NaN,NaN,NaN,NaN,0
20260721_t1530_srsSmooth_training,srs_smooth_training,trial0240.mat,240,240,207,3,16,11,104,84,20,8,2,0,1,1,2,1751,1,1,1,2,2,2,1,1,0,0,,0,11,0,1,0,0,1,0,17,178,178,17,-161,NaN,1,0,180,10,180,10,170,170,NaN,NaN,NaN,1784663068.78099,19681.79585112,0.154226303100586,0.0186183452606201,0.0193982124328613,-1,-1,-1,-1,-1,-1,-1,-1,0.779867172241211,NaN,NaN,NaN,Instruction,Right,Left,None,Left,Right,1,0,0,0,0,NaN,NaN,NaN,NaN,NaN,NaN,NaN,NaN,1,0,1,0,1,0,207,NaN,20260721_t1530_srsSmooth_training_B003,NaN,NaN,13.0066130717595,1.60355496406555,NaN,NaN,NaN,0,NaN,NaN,NaN,NaN,0
20260721_t1530_srsSmooth_training,srs_smooth_training,trial0241.mat,241,241,207,3,17,11,104,84,20,8,2,0,3,1,12,19523,1,2,2,1,2,1,2,1,2,1,SINGLE_T2_CORRECT,11,455,1,0,1,0,1,0,43,191,191,43,-148,191,1,180,190,0,10,180,-170,170,NaN,NaN,NaN,1784663070.42688,19683.44154808,1.95937275886536,0.0144562721252441,0.206665277481079,0.873547077178955,0.889490127563477,1.11493921279907,1.15674114227295,1.15674114227295,-1,-1,1.46746110916138,192.209005355835,225.449085235596,41.801929473877,267.251014709473,Instruction,Left,Right,Right,Right,Right,1,0,0,0,0,NaN,NaN,NaN,NaN,NaN,NaN,NaN,NaN,0,1,1,0,0,0,208,NaN,20260721_t1530_srsSmooth_training_B003,12,NaN,13.0340446233749,1.49166679382324,NaN,NaN,NaN,0,NaN,NaN,NaN,NaN,0
20260721_t1530_srsSmooth_training,srs_smooth_training,trial0242.mat,242,242,208,3,18,12,104,84,20,8,2,0,2,1,9,3476,1,1,2,1,2,1,1,2,1,2,SINGLE_T1_CORRECT,10,455,1,0,0,0,1,0,51,164,164,51,-113,51,1,180,0,190,180,10,170,170,NaN,NaN,NaN,1784663073.94861,19686.9633134,1.92083215713501,0.0178649425506592,0.226620435714722,0.985052108764648,1.00123596191406,1.2599766254425,1.30996203422546,1.30996203422546,-1,-1,1.57054972648621,208.755493164062,258.740663528442,49.985408782959,308.726072311401,Instruction,Left,Right,Left,Right,Left,1,0,0,0,0,NaN,NaN,NaN,NaN,NaN,NaN,NaN,NaN,0,1,0,0,1,0,209,NaN,20260721_t1530_srsSmooth_training_B003,13,NaN,13.0927400787671,1.56235456466675,NaN,NaN,NaN,0,NaN,NaN,NaN,NaN,0
20260721_t1530_srsSmooth_training,srs_smooth_training,trial0243.mat,243,243,209,3,19,13,104,84,20,8,2,0,1,1,2,1751,1,1,1,2,2,2,1,1,1,1,SINGLE_T1_CORRECT,10,455,1,0,0,0,1,0,32,174,174,32,-142,32,1,180,0,190,180,10,170,170,NaN,NaN,NaN,1784663077.44709,19690.4616732,1.64774894714355,0.0111877918243408,0.228596925735474,0.778615236282349,0.794550895690918,1.02017211914062,1.07033085823059,1.07033085823059,-1,-1,1.31438136100769,217.409133911133,225.621223449707,50.1587390899658,275.779962539673,Instruction,Right,Left,Right,Left,Right,1,0,0,0,0,NaN,NaN,NaN,NaN,NaN,NaN,NaN,NaN,1,0,1,0,1,0,210,NaN,20260721_t1530_srsSmooth_training_B003,14,NaN,13.1510480642319,1.5776469707489,NaN,NaN,NaN,0,NaN,NaN,NaN,NaN,0
20260721_t1530_srsSmooth_training,srs_smooth_training,trial0244.mat,244,244,210,3,20,14,104,84,20,8,2,0,3,1,14,21365,1,2,2,1,2,1,2,1,0,0,,0,454,0,1,0,0,1,0,50,166,166,50,-116,NaN,1,180,190,0,10,180,-170,170,NaN,NaN,NaN,1784663080.65165,19693.66617008,1.25967478752136,0.0150806903839111,0.207186937332153,0.92403769493103,0.940117120742798,1.17426252365112,-1,-1,-1,-1,-1,192.106246948242,234.145402908325,NaN,NaN,Instruction,Left,Right,None,Right,Right,1,0,0,0,0,NaN,NaN,NaN,NaN,NaN,NaN,NaN,NaN,0,1,1,0,0,0,210,NaN,20260721_t1530_srsSmooth_training_B003,NaN,NaN,13.204457461834,1.55681490898132,NaN,NaN,NaN,0,NaN,NaN,NaN,NaN,0
20260721_t1530_srsSmooth_training,srs_smooth_training,trial0245.mat,245,245,210,3,21,14,104,84,20,8,2,0,4,1,18,16990,1,2,1,2,2,2,2,2,2,2,SINGLE_T2_CORRECT,11,455,1,0,0,0,1,0,50,150,150,50,-100,150,1,180,190,0,10,180,-170,170,NaN,NaN,NaN,1784663083.32766,19696.3421998,1.9926164150238,0.0141763687133789,0.231620788574219,1.00650930404663,1.02254939079285,1.23996257781982,1.28171515464783,1.28171515464783,-1,-1,1.54153037071228,217.44441986084,217.413187026978,41.7525768280029,259.16576385498,Instruction,Right,Left,Left,Left,Left,1,0,0,0,0,NaN,NaN,NaN,NaN,NaN,NaN,NaN,NaN,1,0,0,0,0,0,211,NaN,20260721_t1530_srsSmooth_training_B003,15,NaN,13.2490575869878,1.41633272171021,NaN,NaN,NaN,0,NaN,NaN,NaN,NaN,0
20260721_t1530_srsSmooth_training,srs_smooth_training,trial0246.mat,246,246,211,3,22,15,104,84,20,8,2,0,3,1,13,17532,1,2,2,1,2,1,2,1,2,1,SINGLE_T2_CORRECT,11,455,1,0,0,0,1,0,46,192,192,46,-146,192,1,180,190,0,10,180,-170,170,NaN,NaN,NaN,1784663086.86877,19699.88324808,1.90163421630859,0.014869213104248,0.174063444137573,0.832425594329834,0.848234415054321,1.09911727905273,1.14073801040649,1.14073801040649,-1,-1,1.40913581848145,159.194231033325,250.882863998413,41.6207313537598,292.503595352173,Instruction,Left,Right,Right,Right,Right,1,0,0,0,0,NaN,NaN,NaN,NaN,NaN,NaN,NaN,NaN,0,1,1,0,0,0,212,NaN,20260721_t1530_srsSmooth_training_B003,16,NaN,13.308076107502,1.54849481582642,NaN,NaN,NaN,0,NaN,NaN,NaN,NaN,0
20260721_t1530_srsSmooth_training,srs_smooth_training,trial0247.mat,247,247,212,3,23,16,104,84,20,8,2,0,3,1,14,21365,1,2,2,1,2,1,2,1,2,1,SINGLE_T2_CORRECT,11,455,1,0,0,0,1,0,45,169,169,45,-124,169,1,180,190,0,10,180,-170,170,NaN,NaN,NaN,1784663090.34605,19703.36040892,1.66601991653442,0.0127303600311279,0.0139284133911133,0.646602630615234,0.662755012512207,0.9051673412323,0.954913854598999,0.954913854598999,-1,-1,1.19891667366028,1.19805335998535,242.412328720093,49.7465133666992,292.158842086792,Instruction,Left,Right,Right,Right,Right,1,0,0,0,0,NaN,NaN,NaN,NaN,NaN,NaN,NaN,NaN,0,1,1,0,0,0,213,NaN,20260721_t1530_srsSmooth_training_B003,17,NaN,13.3660306572914,1.57563877105713,NaN,NaN,NaN,0,NaN,NaN,NaN,NaN,0
20260721_t1530_srsSmooth_training,srs_smooth_training,trial0248.mat,248,248,213,3,24,17,104,84,20,8,2,0,2,1,10,7710,1,1,2,1,2,1,1,2,1,2,SINGLE_T1_CORRECT,10,455,1,0,0,0,1,0,41,181,181,41,-140,41,1,0,180,10,180,10,170,170,NaN,NaN,NaN,1784663093.57057,19706.58491312,1.53296613693237,0.0133347511291504,0.01430344581604,0.62208104133606,0.63835883140564,0.888965845108032,0.938917875289917,0.938917875289917,-1,-1,1.19150447845459,0.968694686889648,250.607013702393,49.9520301818848,300.559043884277,Instruction,Left,Right,Left,Right,Left,1,0,0,0,0,NaN,NaN,NaN,NaN,NaN,NaN,NaN,NaN,0,1,0,0,1,0,214,NaN,20260721_t1530_srsSmooth_training_B003,18,NaN,13.4197726488113,1.55849957466125,NaN,NaN,NaN,0,NaN,NaN,NaN,NaN,0
20260721_t1530_srsSmooth_training,srs_smooth_training,trial0249.mat,249,249,214,3,25,18,104,84,20,8,2,0,1,1,5,22943,1,1,1,2,2,2,1,1,1,1,SINGLE_T1_CORRECT,10,455,1,0,0,0,1,0,28,187,187,28,-159,28,1,0,180,10,180,10,170,170,NaN,NaN,NaN,1784663096.70912,19709.7233682,1.4279317855835,0.0165679454803467,0.0175411701202393,0.575382709503174,0.591589689254761,0.808898210525513,0.858872890472412,0.858872890472412,-1,-1,1.10261940956116,0.973224639892578,217.308521270752,49.9746799468994,267.283201217651,Instruction,Right,Left,Right,Left,Right,1,0,0,0,0,NaN,NaN,NaN,NaN,NaN,NaN,NaN,NaN,1,0,1,0,1,0,215,NaN,20260721_t1530_srsSmooth_training_B003,19,NaN,13.4720818956693,1.60558867454529,NaN,NaN,NaN,0,NaN,NaN,NaN,NaN,0
20260721_t1530_srsSmooth_training,srs_smooth_training,trial0250.mat,250,250,215,3,26,19,104,84,20,8,2,0,4,1,19,23602,1,2,1,2,2,2,2,2,2,2,SINGLE_T2_CORRECT,11,455,1,0,0,0,1,0,40,182,182,40,-142,182,1,180,190,0,10,180,-170,170,NaN,NaN,NaN,1784663099.76689,19712.78100108,2.09562158584595,0.0172519683837891,0.301411390304565,0.901466846466064,0.917287111282349,1.30969667434692,1.35960721969604,1.35960721969604,-1,-1,1.61140632629395,284.159421920776,392.409563064575,49.9105453491211,442.320108413696,Instruction,Right,Left,Left,Left,Left,1,0,0,0,0,NaN,NaN,NaN,NaN,NaN,NaN,NaN,NaN,1,0,0,0,0,0,216,NaN,20260721_t1530_srsSmooth_training_B003,20,NaN,13.5230446775754,1.62983512878418,NaN,NaN,NaN,0,NaN,NaN,NaN,NaN,0
20260721_t1530_srsSmooth_training,srs_smooth_training,trial0251.mat,251,251,216,3,27,20,104,84,20,8,2,1,6,2,51,106,2,0,2,1,2,1,2,1,1,2,CHOSE_LOW_SAL,2,455,1,0,0,0,1,0,54,150,150,54,-96,54,1,180,224.447513346242,325.552486653758,44.4475133462417,145.552486653758,-101.104973307517,101.104973307517,NaN,NaN,NaN,1784663103.43358,19716.44762348,1.86316061019897,0.0173718929290771,0.210840225219727,1.00126886367798,1.01741099357605,1.2429313659668,1.2850067615509,1.2850067615509,-1,-1,1.50446200370789,193.468332290649,225.520372390747,42.0753955841064,267.595767974854,Congruent,Left,Right,Left,Right,Right,0,1,1,0,1,0,1,0,0,1,0,1,1,0,1,1,0,0,1,217,157,20260721_t1530_srsSmooth_training_B003,21,1,13.5841561436653,1.57106637954712,1,1,202,0,0,1,1,0,1
20260721_t1530_srsSmooth_training,srs_smooth_training,trial0252.mat,252,252,217,3,28,21,104,84,20,8,2,2,8,2,103,23393,2,0,2,1,2,1,1,2,1,2,CHOSE_HIGH_SAL,1,455,1,0,0,0,1,0,28,197,197,28,-169,28,1,0,155.198344750281,34.8016552497185,155.198344750281,34.8016552497185,120.396689500563,120.396689500563,NaN,NaN,NaN,1784663106.84863,19719.86262556,1.75512957572937,0.0191195011138916,0.186293601989746,0.828138828277588,0.844151496887207,1.12812829017639,1.17798781394958,1.17798781394958,-1,-1,1.42981266975403,167.174100875854,283.976793289185,49.8595237731934,333.836317062378,Conflict,Left,Right,Left,Right,Left,0,1,0,1,1,0,1,0,1,1,0,1,0,0,1,0,0,1,1,218,158,20260721_t1530_srsSmooth_training_B003,22,2,13.6410736719767,1.55189108848572,1,2,54,1,0,0,1,1,1
20260721_t1530_srsSmooth_training,srs_smooth_training,trial0253.mat,253,253,218,3,29,22,104,84,20,8,2,2,8,2,102,12427,2,0,2,1,2,1,1,2,1,2,CHOSE_HIGH_SAL,1,455,1,0,0,0,1,0,17,182,182,17,-165,17,1,0,159.212573375205,30.7874266247947,159.212573375205,30.7874266247947,128.425146750411,128.425146750411,NaN,NaN,NaN,1784663110.18984,19723.20376468,1.64028120040894,0.0113706588745117,0.195345878601074,0.703862428665161,0.719730615615845,0.97051477432251,1.02053904533386,1.02053904533386,-1,-1,1.32251000404358,183.975219726562,250.784158706665,50.0242710113525,300.808429718018,Conflict,Left,Right,Left,Right,Left,0,1,0,1,1,0,1,0,1,1,0,1,0,0,1,0,0,1,1,219,159,20260721_t1530_srsSmooth_training_B003,23,3,13.696760515372,1.58608102798462,1,2,28,1,0,0,1,1,1
20260721_t1530_srsSmooth_training,srs_smooth_training,trial0254.mat,254,254,219,3,30,23,104,84,20,8,2,2,7,2,74,21285,2,0,1,2,2,2,1,1,1,1,CHOSE_HIGH_SAL,1,455,1,0,0,0,1,0,45,181,181,45,-136,45,1,0,154.776579942612,35.2234200573878,154.776579942612,35.2234200573878,119.553159885224,119.553159885224,NaN,NaN,NaN,1784663113.39797,19726.41177996,1.60659623146057,0.0116922855377197,0.153857231140137,0.75386381149292,0.770055294036865,0.995616436004639,1.04590368270874,1.04590368270874,-1,-1,1.26481699943542,142.164945602417,225.561141967773,50.2872467041016,275.848388671875,Conflict,Right,Left,Right,Left,Right,0,1,0,1,1,1,1,0,1,0,0,1,0,1,0,1,0,1,1,220,160,20260721_t1530_srsSmooth_training_B003,24,4,13.7502294421196,1.56785440444946,1,2,17,1,0,1,1,0,1
20260721_t1530_srsSmooth_training,srs_smooth_training,trial0255.mat,255,255,220,3,31,24,104,84,20,8,2,1,6,2,50,28723,2,0,2,1,2,1,2,1,1,2,CHOSE_LOW_SAL,2,455,1,0,0,0,1,0,44,146,146,44,-102,44,1,0,33.6996424848856,156.300357515114,33.6996424848856,156.300357515114,-122.600715030229,122.600715030229,NaN,NaN,NaN,1784663116.58806,19729.60196684,1.8248393535614,0.0133922100067139,0.138957977294922,0.938969850540161,0.955095529556274,1.17244458198547,1.21387815475464,1.21387815475464,-1,-1,1.48252940177917,125.565767288208,217.349052429199,41.433572769165,258.782625198364,Congruent,Left,Right,Left,Right,Right,0,1,1,0,1,0,1,0,0,1,0,1,1,0,1,1,0,0,1,221,161,20260721_t1530_srsSmooth_training_B003,25,5,13.8033976038297,1.58349347114563,1,1,45,1,0,1,1,0,1
20260721_t1530_srsSmooth_training,srs_smooth_training,trial0256.mat,256,256,221,3,32,25,104,84,20,8,2,1,6,2,62,19411,2,0,2,1,2,1,2,1,2,1,CHOSE_HIGH_SAL,1,455,1,0,0,0,1,0,48,191,191,48,-143,191,1,0,82.7816185650767,107.218381434923,82.7816185650768,107.218381434923,-24.4367628698465,24.4367628698465,NaN,NaN,NaN,1784663119.96298,19732.97680644,1.90872573852539,0.0136039257049561,0.264075994491577,0.914093971252441,0.930305480957031,1.14745044708252,1.19737601280212,1.19737601280212,-1,-1,1.41591215133667,250.472068786621,217.144966125488,49.9255657196045,267.070531845093,Congruent,Left,Right,Right,Right,Right,0,1,1,0,1,1,0,1,1,0,1,0,0,0,1,1,0,0,1,222,162,20260721_t1530_srsSmooth_training_B003,26,6,13.8596462488174,1.55007934570312,1,2,44,1,1,1,0,0,1
20260721_t1530_srsSmooth_training,srs_smooth_training,trial0257.mat,257,257,222,3,33,26,104,84,20,8,2,1,6,2,59,4019,2,0,2,1,2,1,2,1,2,1,CHOSE_HIGH_SAL,1,455,1,0,0,0,1,0,38,174,174,38,-136,174,1,0,32.2074116668697,157.79258833313,32.2074116668697,157.79258833313,-125.585176666261,125.585176666261,NaN,NaN,NaN,1784663123.43864,19736.45231436,1.93287134170532,0.0130844116210938,0.188761472702026,0.888663530349731,0.904786586761475,1.13872218132019,1.18882703781128,1.18882703781128,-1,-1,1.4572811126709,175.677061080933,233.935594558716,50.1048564910889,284.040451049805,Congruent,Left,Right,Right,Right,Right,0,1,1,0,1,1,0,1,1,0,1,0,0,0,1,1,0,0,1,223,163,20260721_t1530_srsSmooth_training_B003,27,7,13.9175738016764,1.56692743301392,2,1,191,1,0,0,1,1,1
20260721_t1530_srsSmooth_training,srs_smooth_training,trial0258.mat,258,258,223,3,34,27,104,84,20,8,2,2,8,2,97,12367,2,0,2,1,2,1,1,2,2,1,CHOSE_LOW_SAL,2,455,1,0,0,0,1,0,44,173,173,44,-129,173,1,180,356.200339182231,193.799660817769,176.200339182231,13.7996608177693,162.400678364461,162.400678364461,NaN,NaN,NaN,1784663126.97638,19739.99011116,1.86148548126221,0.0171444416046143,0.217483520507812,0.851047992706299,0.867177248001099,1.10930204391479,1.15103673934937,1.15103673934937,-1,-1,1.38598370552063,200.339078903198,242.124795913696,41.7346954345703,283.859491348267,Conflict,Left,Right,Right,Right,Left,0,1,0,1,1,1,0,1,0,0,1,0,1,0,1,0,0,1,1,224,164,20260721_t1530_srsSmooth_training_B003,28,8,13.9765362064044,1.60487294197083,2,1,174,1,0,0,1,1,1
20260721_t1530_srsSmooth_training,srs_smooth_training,trial0260.mat,260,260,224,3,36,28,104,84,20,8,2,1,5,2,25,1332,2,0,1,2,2,2,2,2,0,0,,0,454,0,1,0,0,1,0,51,174,174,51,-123,NaN,1,0,17.8677678382561,172.132232161744,17.8677678382561,172.132232161744,-154.264464323488,154.264464323488,NaN,NaN,NaN,1784663132.14255,19745.15618028,1.43773508071899,0.0178453922271729,0.28491473197937,0.976852655410767,0.992882251739502,1.35191345214844,-1,-1,-1,-1,-1,267.069339752197,359.031200408936,NaN,NaN,Congruent,Right,Left,None,Left,Left,0,1,1,0,0,NaN,NaN,NaN,NaN,NaN,NaN,NaN,NaN,1,0,0,0,0,0,224,NaN,20260721_t1530_srsSmooth_training_B003,NaN,NaN,14.0626389741898,3.30468058586121,NaN,NaN,NaN,0,NaN,NaN,NaN,NaN,0
20260721_t1530_srsSmooth_training,srs_smooth_training,trial0261.mat,261,261,224,3,37,28,104,84,20,8,2,2,8,2,104,4185,2,0,2,1,2,1,1,2,1,2,CHOSE_HIGH_SAL,1,455,1,0,0,0,1,0,24,172,172,24,-148,24,1,180,301.138653871691,248.861346128309,121.138653871691,68.8613461283092,52.2773077433817,52.2773077433817,NaN,NaN,NaN,1784663135.03419,19748.04772928,1.68818616867065,0.0179750919342041,0.2266845703125,0.843530416488647,0.859674692153931,1.10176992416382,1.14341735839844,1.14341735839844,-1,-1,1.36179280281067,208.709478378296,242.095232009888,41.6474342346191,283.742666244507,Conflict,Left,Right,Left,Right,Left,0,1,0,1,1,0,1,0,1,1,0,1,0,0,1,0,0,1,1,225,165,20260721_t1530_srsSmooth_training_B003,29,9,14.1108331123988,1.45391321182251,2,1,173,1,1,1,0,0,1
20260721_t1530_srsSmooth_training,srs_smooth_training,trial0262.mat,262,262,225,3,38,29,104,84,20,8,2,1,6,2,60,6863,2,0,2,1,2,1,2,1,2,1,CHOSE_HIGH_SAL,1,455,1,0,0,0,1,0,16,174,174,16,-158,174,1,180,270.760070081275,279.239929918725,90.7600700812746,99.2399299187254,-8.4798598374507,8.4798598374507,NaN,NaN,NaN,1784663138.32628,19751.33971304,1.9628381729126,0.0176794528961182,0.243341207504272,0.910089254379272,0.926048517227173,1.16002368927002,1.20195245742798,1.20195245742798,-1,-1,1.48843097686768,225.661754608154,233.975172042847,41.928768157959,275.903940200806,Congruent,Left,Right,Right,Right,Right,0,1,1,0,1,1,0,1,1,0,1,0,0,0,1,1,0,0,1,226,166,20260721_t1530_srsSmooth_training_B003,30,10,14.1657012701035,1.60390329360962,1,2,24,1,1,1,0,0,1
20260721_t1530_srsSmooth_training,srs_smooth_training,trial0263.mat,263,263,226,3,39,30,104,84,20,8,2,2,7,2,82,29546,2,0,1,2,2,2,1,1,1,1,CHOSE_HIGH_SAL,1,455,1,0,0,0,1,0,37,208,208,37,-171,37,1,180,319.248453781658,230.751546218342,139.248453781658,50.7515462183424,88.4969075633153,88.4969075633153,NaN,NaN,NaN,1784663141.84628,19754.85958344,1.7924907207489,0.0144858360290527,0.189880132675171,0.898590087890625,0.914521217346191,1.12363958358765,1.17360734939575,1.17360734939575,-1,-1,1.45863318443298,175.394296646118,209.118366241455,49.9677658081055,259.086132049561,Conflict,Right,Left,Right,Left,Right,0,1,0,1,1,1,1,0,1,0,0,1,0,1,0,1,0,1,1,227,167,20260721_t1530_srsSmooth_training_B003,31,11,14.2243678768476,1.55715823173523,2,1,174,1,1,0,0,1,1
20260721_t1530_srsSmooth_training,srs_smooth_training,trial0264.mat,264,264,227,3,40,31,104,84,20,8,2,1,5,2,36,7425,2,0,1,2,2,2,2,2,1,1,CHOSE_LOW_SAL,2,455,1,0,0,0,1,0,21,186,186,21,-165,21,1,180,271.129058725219,278.870941274781,91.1290587252194,98.8709412747806,-7.74188254956118,7.74188254956118,NaN,NaN,NaN,1784663145.19293,19758.20621976,1.64600014686584,0.0179660320281982,0.226847648620605,0.743496417999268,0.759661912918091,0.993505239486694,1.04350256919861,1.04350256919861,-1,-1,1.32880830764771,208.881616592407,233.843326568604,49.9973297119141,283.840656280518,Congruent,Right,Left,Right,Left,Left,0,1,1,0,1,1,1,0,0,0,0,1,1,1,0,0,0,0,1,228,168,20260721_t1530_srsSmooth_training_B003,32,12,14.2801453789075,1.55415940284729,1,1,37,1,0,0,1,1,1
20260721_t1530_srsSmooth_training,srs_smooth_training,trial0265.mat,265,265,228,3,41,32,104,84,20,8,2,1,5,2,34,791,2,0,1,2,2,2,2,2,2,2,CHOSE_HIGH_SAL,1,455,1,0,0,0,1,0,43,184,184,43,-141,184,1,0,13.5368348596293,176.463165140371,13.5368348596293,176.463165140371,-162.926330280741,162.926330280741,NaN,NaN,NaN,1784663148.43758,19761.45081732,1.75155234336853,0.0151126384735107,0.232177972793579,0.734013080596924,0.748504638671875,0.949207067489624,0.999059438705444,0.999059438705444,-1,-1,1.26778888702393,217.065334320068,200.702428817749,49.8523712158203,250.554800033569,Congruent,Right,Left,Left,Left,Left,0,1,1,0,1,0,0,1,1,1,1,0,0,1,0,0,0,0,1,229,169,20260721_t1530_srsSmooth_training_B003,33,13,14.334222817421,1.59864616394043,1,1,21,1,1,1,0,0,1
20260721_t1530_srsSmooth_training,srs_smooth_training,trial0266.mat,266,266,229,3,42,33,104,84,20,8,2,2,7,2,67,18321,2,0,1,2,2,2,1,1,2,2,,0,11,0,1,0,0,1,0,71,169,169,71,-98,169,1,0,178.956585085771,11.0434149142295,178.95658508577,11.0434149142295,167.913170171541,167.913170171541,NaN,NaN,NaN,1784663151.73919,19764.75227764,1.28285789489746,0.0136280059814453,0.180895090103149,0.73928165435791,0.755322933197021,1.03919219970703,1.08921360969543,1.08921360969543,-1,-1,-1,167.267084121704,283.86926651001,50.0214099884033,333.890676498413,Conflict,Right,Left,Left,Left,Right,0,1,0,1,0,NaN,NaN,NaN,NaN,NaN,NaN,NaN,NaN,1,0,1,0,1,0,229,NaN,20260721_t1530_srsSmooth_training_B003,NaN,NaN,14.3892496943474,1.5500602722168,NaN,NaN,NaN,0,NaN,NaN,NaN,NaN,0
20260721_t1530_srsSmooth_training,srs_smooth_training,trial0267.mat,267,267,229,3,43,33,104,84,20,8,2,1,6,2,57,12800,2,0,2,1,2,1,2,1,1,2,CHOSE_LOW_SAL,2,455,1,0,0,0,1,0,44,170,170,44,-126,44,1,0,20.8017447830787,169.198255216921,20.8017447830787,169.198255216921,-148.396510433843,148.396510433843,NaN,NaN,NaN,1784663154.52142,19767.53461272,1.71782493591309,0.0148334503173828,0.207389831542969,0.740660190582275,0.756529569625854,1.01559090614319,1.06529927253723,1.06529927253723,-1,-1,1.37570381164551,192.556381225586,259.061336517334,49.708366394043,308.769702911377,Congruent,Left,Right,Left,Right,Right,0,1,1,0,1,0,1,0,0,1,0,1,1,0,1,1,0,0,1,230,170,20260721_t1530_srsSmooth_training_B003,34,14,14.4356202880541,1.49937772750854,2,2,184,1,1,0,0,1,1
20260721_t1530_srsSmooth_training,srs_smooth_training,trial0268.mat,268,268,230,3,44,34,104,84,20,8,2,1,5,2,25,1332,2,0,1,2,2,2,2,2,2,2,CHOSE_HIGH_SAL,1,455,1,0,0,0,1,0,12,172,172,12,-160,172,1,180,229.039406760197,320.960593239803,49.039406760197,140.960593239803,-91.921186479606,91.921186479606,NaN,NaN,NaN,1784663157.81928,19770.83236488,1.93770503997803,0.0171017646789551,0.23412823677063,0.892479181289673,0.90880298614502,1.12587547302246,1.17597961425781,1.17597961425781,-1,-1,1.46131420135498,217.026472091675,217.072486877441,50.1041412353516,267.176628112793,Congruent,Right,Left,Left,Left,Left,0,1,1,0,1,0,0,1,1,1,1,0,0,1,0,0,0,0,1,231,171,20260721_t1530_srsSmooth_training_B003,35,15,14.4905846277873,1.58003544807434,1,2,44,1,1,0,0,1,1
20260721_t1530_srsSmooth_training,srs_smooth_training,trial0269.mat,269,269,231,3,45,35,104,84,20,8,2,2,7,2,83,14119,2,0,1,2,2,2,1,1,2,2,CHOSE_LOW_SAL,2,455,1,0,0,0,1,0,42,164,164,42,-122,164,1,0,179.516459114871,10.4835408851285,179.516459114871,10.4835408851285,169.032918229743,169.032918229743,NaN,NaN,NaN,1784663161.29605,19774.30903332,1.843909740448,0.0154719352722168,0.199182510375977,0.815991163253784,0.832170009613037,1.07424736022949,1.12425255775452,1.12425255775452,-1,-1,1.37611722946167,183.71057510376,242.077350616455,50.0051975250244,292.082548141479,Conflict,Right,Left,Left,Left,Right,0,1,0,1,1,0,0,1,0,1,1,0,1,1,0,1,0,1,1,232,172,20260721_t1530_srsSmooth_training_B003,36,16,14.5485307137171,1.53906011581421,2,2,172,1,0,0,1,1,1
20260721_t1530_srsSmooth_training,srs_smooth_training,trial0270.mat,270,270,232,3,46,36,104,84,20,8,2,1,5,2,38,2528,2,0,1,2,2,2,2,2,2,2,CHOSE_HIGH_SAL,1,455,1,0,0,0,1,0,30,180,180,30,-150,180,1,180,193.491425271151,356.508574728849,13.491425271151,176.508574728849,-163.017149457698,163.017149457698,NaN,NaN,NaN,1784663164.70288,19777.71580832,1.57847428321838,0.0171070098876953,0.0178549289703369,0.600823879241943,0.617129564285278,0.817675590515137,0.867670059204102,0.867670059204102,-1,-1,1.10287070274353,0.747919082641602,200.546026229858,49.9944686889648,250.540494918823,Congruent,Right,Left,Left,Left,Left,0,1,1,0,1,0,0,1,1,1,1,0,0,1,0,0,0,0,1,233,173,20260721_t1530_srsSmooth_training_B003,37,17,14.6053112308184,1.56292128562927,2,2,164,1,0,0,1,1,1
20260721_t1530_srsSmooth_training,srs_smooth_training,trial0271.mat,271,271,233,3,47,37,104,84,20,8,2,1,5,2,24,10622,2,0,1,2,2,2,2,2,2,2,CHOSE_HIGH_SAL,1,455,1,0,0,0,1,0,28,130,130,28,-102,130,1,180,222.372175904908,327.627824095092,42.3721759049077,147.627824095092,-105.255648190185,105.255648190185,NaN,NaN,NaN,1784663167.86611,19780.87901508,1.99145746231079,0.0123305320739746,0.221386194229126,0.99650502204895,1.01236939430237,1.26301598548889,1.31334280967712,1.31334280967712,-1,-1,1.55713367462158,209.055662155151,250.646591186523,50.3268241882324,300.973415374756,Congruent,Right,Left,Left,Left,Left,0,1,1,0,1,0,0,1,1,1,1,0,0,1,0,0,0,0,1,234,174,20260721_t1530_srsSmooth_training_B003,38,18,14.6580317695936,1.58475804328918,2,2,180,1,0,0,1,1,1
20260721_t1530_srsSmooth_training,srs_smooth_training,trial0272.mat,272,272,234,3,48,38,104,84,20,8,2,1,6,2,58,7797,2,0,2,1,2,1,2,1,1,2,CHOSE_LOW_SAL,2,455,1,0,0,0,1,0,49,163,163,49,-114,49,1,180,205.212911480664,344.787088519336,25.2129114806639,164.787088519336,-139.574177038672,139.574177038672,NaN,NaN,NaN,1784663171.48379,19784.49658712,1.55641961097717,0.011465311050415,0.0121967792510986,0.603485345840454,0.61982250213623,0.878629446029663,0.920153379440308,0.920153379440308,-1,-1,1.20612764358521,0.731468200683594,258.806943893433,41.5239334106445,300.330877304077,Congruent,Left,Right,Left,Right,Right,0,1,1,0,1,0,1,0,0,1,0,1,1,0,1,1,0,0,1,235,175,20260721_t1530_srsSmooth_training_B003,39,19,14.7183263023694,1.62621450424194,2,2,130,1,1,0,0,1,1
20260721_t1530_srsSmooth_training,srs_smooth_training,trial0273.mat,273,273,235,3,49,39,104,84,20,8,2,1,5,2,29,29035,2,0,1,2,2,2,2,2,2,2,CHOSE_HIGH_SAL,1,455,1,0,0,0,1,0,64,190,190,64,-126,190,1,180,198.583362452422,351.416637547578,18.5833624524218,171.416637547578,-152.833275095156,152.833275095156,NaN,NaN,NaN,1784663174.61501,19787.62767144,2.06711506843567,0.0136964321136475,0.247554540634155,0.989477157592773,1.00540161132812,1.24758434295654,1.29775094985962,1.29775094985962,-1,-1,1.57454800605774,233.858108520508,242.182731628418,50.1666069030762,292.349338531494,Congruent,Right,Left,Left,Left,Left,0,1,1,0,1,0,0,1,1,1,1,0,0,1,0,0,0,0,1,236,176,20260721_t1530_srsSmooth_training_B003,40,20,14.7705133875211,1.57480549812317,1,2,49,1,1,0,0,1,1
20260721_t1530_srsSmooth_training,srs_smooth_training,trial0274.mat,274,274,236,3,50,40,104,84,20,8,2,1,5,2,28,19170,2,0,1,2,2,2,2,2,2,2,CHOSE_HIGH_SAL,1,455,1,0,0,0,1,0,45,172,172,45,-127,172,1,180,239.105794236478,310.894205763522,59.1057942364775,130.894205763522,-71.7884115270449,71.7884115270449,NaN,NaN,NaN,1784663178.27007,19791.2827404,1.81185913085938,0.0171127319335938,0.0178253650665283,0.750970363616943,0.767142534255981,1.00964975357056,1.06770849227905,1.06770849227905,-1,-1,1.33666396141052,0.71263313293457,242.507219314575,58.0587387084961,300.565958023071,Congruent,Right,Left,Left,Left,Left,0,1,1,0,1,0,0,1,1,1,1,0,0,1,0,0,0,0,1,237,177,20260721_t1530_srsSmooth_training_B003,41,21,14.8314310312271,1.58794355392456,2,2,190,1,0,0,1,1,1
20260721_t1530_srsSmooth_training,srs_smooth_training,trial0275.mat,275,275,237,3,51,41,104,84,20,8,2,2,7,2,70,5749,2,0,1,2,2,2,1,1,2,2,CHOSE_LOW_SAL,2,455,1,0,0,0,1,0,50,162,162,50,-112,162,1,0,172.767877923851,17.2321220761493,172.767877923851,17.2321220761493,155.535755847701,155.535755847701,NaN,NaN,NaN,1784663181.62319,19794.63565964,1.63444662094116,0.0141265392303467,0.0149705410003662,0.614882469177246,0.630817651748657,0.864886283874512,0.9146568775177,0.9146568775177,-1,-1,1.17548680305481,0.844001770019531,234.068632125854,49.7705936431885,283.839225769043,Conflict,Right,Left,Left,Left,Right,0,1,0,1,1,0,0,1,0,1,1,0,1,1,0,1,0,1,1,238,178,20260721_t1530_srsSmooth_training_B003,42,22,14.887316318353,1.54125809669495,2,2,172,1,0,0,1,1,1
20260721_t1530_srsSmooth_training,srs_smooth_training,trial0276.mat,276,276,238,3,52,42,104,84,20,8,2,1,6,2,56,21576,2,0,2,1,2,1,2,1,1,2,CHOSE_LOW_SAL,2,455,1,0,0,0,1,0,43,186,186,43,-143,43,1,180,225.185854842744,324.814145157256,45.1858548427437,144.814145157256,-99.6282903145126,99.6282903145126,NaN,NaN,NaN,1784663184.80853,19797.82106968,1.59001970291138,0.0122451782226562,0.0130589008331299,0.662984371185303,0.678937196731567,0.896377325057983,0.946326732635498,0.946326732635498,-1,-1,1.2482008934021,0.813722610473633,217.440128326416,49.9494075775146,267.389535903931,Congruent,Left,Right,Left,Right,Right,0,1,1,0,1,0,1,0,0,1,0,1,1,0,1,1,0,0,1,239,179,20260721_t1530_srsSmooth_training_B003,43,23,14.9404053052266,1.55089259147644,2,2,162,1,1,0,0,1,1
20260721_t1530_srsSmooth_training,srs_smooth_training,trial0277.mat,277,277,239,3,53,43,104,84,20,8,2,2,8,2,90,12642,2,0,2,1,2,1,1,2,2,1,CHOSE_LOW_SAL,2,455,1,0,0,0,1,0,37,180,180,37,-143,180,1,0,155.138136898847,34.8618631011529,155.138136898847,34.8618631011529,120.276273797694,120.276273797694,NaN,NaN,NaN,1784663187.96378,19800.97630928,1.84396839141846,0.0154440402984619,0.182682752609253,0.740838766098022,0.757139921188354,1.049485206604,1.09117555618286,1.09117555618286,-1,-1,1.35989117622375,167.238712310791,292.345285415649,41.6903495788574,334.035634994507,Conflict,Left,Right,Right,Right,Left,0,1,0,1,1,1,0,1,0,0,1,0,1,0,1,0,0,1,1,240,180,20260721_t1530_srsSmooth_training_B003,44,24,14.9929929296176,1.56523776054382,1,2,43,1,1,1,0,0,1
20260721_t1530_srsSmooth_training,srs_smooth_training,trial0279.mat,279,279,240,3,55,44,104,84,20,8,2,1,5,2,37,18290,2,0,1,2,2,2,2,2,1,1,CHOSE_LOW_SAL,2,455,1,0,0,0,1,0,31,170,170,31,-139,31,1,0,11.0832616947298,178.91673830527,11.0832616947298,178.91673830527,-167.83347661054,167.83347661054,NaN,NaN,NaN,1784663193.15732,19806.16955524,1.84181237220764,0.0137722492218018,0.172821283340454,0.897599220275879,0.913807153701782,1.20580506324768,1.24757599830627,1.24757599830627,-1,-1,1.50792026519775,159.049034118652,291.997909545898,41.7709350585938,333.768844604492,Congruent,Right,Left,Right,Left,Left,0,1,1,0,1,1,1,0,0,0,0,1,1,1,0,0,0,0,1,241,181,20260721_t1530_srsSmooth_training_B003,45,25,15.0795519550641,3.34957313537598,2,1,180,1,1,0,0,1,1
20260721_t1530_srsSmooth_training,srs_smooth_training,trial0280.mat,280,280,241,3,56,45,104,84,20,8,2,1,6,2,52,14072,2,0,2,1,2,1,2,1,2,1,CHOSE_HIGH_SAL,1,455,1,0,0,0,1,0,49,179,179,49,-130,179,1,180,210.222583261925,339.777416738075,30.2225832619249,159.777416738075,-129.55483347615,129.55483347615,NaN,NaN,NaN,1784663196.68005,19809.69239376,1.76070594787598,0.0161819458007812,0.199935436248779,0.7083420753479,0.72454309463501,0.933348417282104,0.983288764953613,0.983288764953613,-1,-1,1.28506183624268,183.753490447998,208.805322647095,49.9403476715088,258.745670318604,Congruent,Left,Right,Right,Right,Right,0,1,1,0,1,1,0,1,1,0,1,0,0,0,1,1,0,0,1,242,182,20260721_t1530_srsSmooth_training_B003,46,26,15.1382640957832,1.68091607093811,1,1,31,1,1,0,0,1,1
20260721_t1530_srsSmooth_training,srs_smooth_training,trial0281.mat,281,281,242,3,57,46,104,84,20,8,2,1,6,2,42,22097,2,0,2,1,2,1,2,1,2,1,CHOSE_HIGH_SAL,1,455,1,0,0,0,1,0,10,179,179,10,-169,179,1,0,28.2449199125798,161.75508008742,28.2449199125798,161.75508008742,-133.51016017484,133.51016017484,NaN,NaN,NaN,1784663200.0022,19813.01426988,1.93090081214905,0.0191607475280762,0.202942848205566,0.852980852127075,0.86919379234314,1.11137509346008,1.15310478210449,1.15310478210449,-1,-1,1.45497274398804,183.78210067749,242.181301116943,41.7296886444092,283.910989761353,Congruent,Left,Right,Right,Right,Right,0,1,1,0,1,1,0,1,1,0,1,0,0,0,1,1,0,0,1,243,183,20260721_t1530_srsSmooth_training_B003,47,27,15.193633278211,1.56144499778748,2,1,179,1,0,0,1,1,1
20260721_t1530_srsSmooth_training,srs_smooth_training,trial0282.mat,282,282,243,3,58,47,104,84,20,8,2,2,8,2,95,27905,2,0,2,1,2,1,1,2,2,1,CHOSE_LOW_SAL,2,455,1,0,0,0,1,0,58,176,176,58,-118,176,1,0,142.209952522024,47.7900474779757,142.209952522024,47.7900474779757,94.4199050440485,94.4199050440485,NaN,NaN,NaN,1784663203.52784,19816.5398164,1.93916392326355,0.0186638832092285,0.177536010742188,0.885844230651855,0.902030944824219,1.12761735916138,1.17756295204163,1.17756295204163,-1,-1,1.46260118484497,158.872127532959,225.586414337158,49.945592880249,275.532007217407,Conflict,Left,Right,Right,Right,Left,0,1,0,1,1,1,0,1,0,0,1,0,1,0,1,0,0,1,1,244,184,20260721_t1530_srsSmooth_training_B003,48,28,15.2523938616117,1.59473419189453,2,1,179,1,0,0,1,1,1
20260721_t1530_srsSmooth_training,srs_smooth_training,trial0283.mat,283,283,244,3,59,48,104,84,20,8,2,2,7,2,65,30838,2,0,1,2,2,2,1,1,1,1,CHOSE_HIGH_SAL,1,455,1,0,0,0,1,0,38,183,183,38,-145,38,1,0,102.417328619064,87.5826713809355,102.417328619064,87.5826713809356,14.8346572381289,14.8346572381289,NaN,NaN,NaN,1784663207.0224,19820.03449324,1.60230827331543,0.0159063339233398,0.166356563568115,0.724719047546387,0.740934371948242,0.97472071647644,1.02511668205261,1.02511668205261,-1,-1,1.26827502250671,150.450229644775,233.786344528198,50.3959655761719,284.18231010437,Conflict,Right,Left,Right,Left,Right,0,1,0,1,1,1,1,0,1,0,0,1,0,1,0,1,0,1,1,245,185,20260721_t1530_srsSmooth_training_B003,49,29,15.310636540254,1.55539679527283,2,1,176,1,1,0,0,1,1
20260721_t1530_srsSmooth_training,srs_smooth_training,trial0284.mat,284,284,245,3,60,49,104,84,20,8,2,2,7,2,71,18466,2,0,1,2,2,2,1,1,1,1,CHOSE_HIGH_SAL,1,455,1,0,0,0,1,0,41,178,178,41,-137,41,1,180,358.091916545807,191.908083454193,178.091916545807,11.9080834541933,166.183833091613,166.183833091613,NaN,NaN,NaN,1784663210.23138,19823.24341404,1.87758421897888,0.0153853893280029,0.224412441253662,0.999587297439575,1.01542448997498,1.24116969108582,1.28254508972168,1.28254508972168,-1,-1,1.53418517112732,209.027051925659,225.74520111084,41.3753986358643,267.120599746704,Conflict,Right,Left,Right,Left,Right,0,1,0,1,1,1,1,0,1,0,0,1,0,1,0,1,0,1,1,246,186,20260721_t1530_srsSmooth_training_B003,50,30,15.3641195336978,1.60667133331299,1,1,38,1,0,0,1,1,1
20260721_t1530_srsSmooth_training,srs_smooth_training,trial0285.mat,285,285,246,3,61,50,104,84,20,8,2,2,7,2,78,32255,2,0,1,2,2,2,1,1,1,1,CHOSE_HIGH_SAL,1,455,1,0,0,0,1,0,1,185,185,1,-184,1,1,180,349.14745745233,200.85254254767,169.14745745233,20.8525425476701,148.29491490466,148.29491490466,NaN,NaN,NaN,1784663213.68506,19826.69689288,1.70632529258728,0.0118410587310791,0.203904867172241,0.870700120925903,0.88687539100647,1.13747477531433,1.18745112419128,1.18745112419128,-1,-1,1.40612077713013,192.063808441162,250.599384307861,49.9763488769531,300.575733184814,Conflict,Right,Left,Right,Left,Right,0,1,0,1,1,1,1,0,1,0,0,1,0,1,0,1,0,1,1,247,187,20260721_t1530_srsSmooth_training_B003,51,31,15.421680855751,1.57609510421753,1,1,41,1,0,0,1,1,1
20260721_t1530_srsSmooth_training,srs_smooth_training,trial0286.mat,286,286,247,3,62,51,104,84,20,8,2,2,7,2,73,31097,2,0,1,2,2,2,1,1,2,2,CHOSE_LOW_SAL,2,455,1,0,0,0,1,0,56,196,196,56,-140,196,1,0,170.369532158357,19.6304678416434,170.369532158357,19.6304678416434,150.739064316713,150.739064316713,NaN,NaN,NaN,1784663216.94879,19829.96058784,1.96867942810059,0.0149097442626953,0.298690557479858,0.898705005645752,0.914944648742676,1.20746183395386,1.25072574615479,1.25072574615479,-1,-1,1.47583532333374,283.780813217163,292.517185211182,43.2639122009277,335.781097412109,Conflict,Right,Left,Left,Left,Right,0,1,0,1,1,0,0,1,0,1,1,0,1,1,0,1,0,1,1,248,188,20260721_t1530_srsSmooth_training_B003,52,32,15.4760762969653,1.55740118026733,1,1,1,1,1,1,0,0,1
20260721_t1530_srsSmooth_training,srs_smooth_training,trial0287.mat,287,287,248,3,63,52,104,84,20,8,2,2,7,2,69,27017,2,0,1,2,2,2,1,1,2,2,CHOSE_LOW_SAL,2,455,1,0,0,0,1,0,52,165,165,52,-113,165,1,0,164.169102016742,25.8308979832584,164.169102016742,25.8308979832584,138.338204033483,138.338204033483,NaN,NaN,NaN,1784663220.49551,19833.50730064,1.79610967636108,0.0183284282684326,0.143900632858276,0.785456418991089,0.801692485809326,1.03547024726868,1.08549070358276,1.08549070358276,-1,-1,1.32901334762573,125.572204589844,233.777761459351,50.0204563140869,283.798217773438,Conflict,Right,Left,Left,Left,Right,0,1,0,1,1,0,0,1,0,1,1,0,1,1,0,1,0,1,1,249,189,20260721_t1530_srsSmooth_training_B003,53,33,15.535188305378,1.57804107666016,2,2,196,1,0,0,1,1,1
20260721_t1530_srsSmooth_training,srs_smooth_training,trial0288.mat,288,288,249,3,64,53,104,84,20,8,2,2,7,2,72,26656,2,0,1,2,2,2,1,1,2,2,CHOSE_LOW_SAL,2,455,1,0,0,0,1,0,53,184,184,53,-131,184,1,180,330.619482162216,219.380517837784,150.619482162216,39.3805178377837,111.238964324433,111.238964324433,NaN,NaN,NaN,1784663223.84161,19836.85336328,2.00906467437744,0.0140259265899658,0.24794864654541,0.973170280456543,0.98906397819519,1.23151063919067,1.27290439605713,1.27290439605713,-1,-1,1.52506828308105,233.922719955444,242.446660995483,41.3937568664551,283.840417861938,Conflict,Right,Left,Left,Left,Right,0,1,0,1,1,0,0,1,0,1,1,0,1,1,0,1,0,1,1,250,190,20260721_t1530_srsSmooth_training_B003,54,34,15.5909566442172,1.5499906539917,2,2,165,1,0,0,1,1,1
20260721_t1530_srsSmooth_training,srs_smooth_training,trial0289.mat,289,289,250,3,65,54,104,84,20,8,2,2,7,2,77,12013,2,0,1,2,2,2,1,1,2,2,CHOSE_LOW_SAL,2,455,1,0,0,0,1,0,28,175,175,28,-147,175,1,180,350.98965424099,199.01034575901,170.98965424099,19.0103457590104,151.979308481979,151.979308481979,NaN,NaN,NaN,1784663227.41546,19840.42717964,1.81056022644043,0.0153129100799561,0.140655994415283,0.832397699356079,0.848679065704346,1.05738806724548,1.10743427276611,1.10743427276611,-1,-1,1.33446931838989,125.343084335327,208.709001541138,50.0462055206299,258.755207061768,Conflict,Right,Left,Left,Left,Right,0,1,0,1,1,0,0,1,0,1,1,0,1,1,0,1,0,1,1,251,191,20260721_t1530_srsSmooth_training_B003,55,35,15.6505208611488,1.56478834152222,2,2,184,1,0,0,1,1,1
20260721_t1530_srsSmooth_training,srs_smooth_training,trial0290.mat,290,290,251,3,66,55,104,84,20,8,2,2,8,2,101,22723,2,0,2,1,2,1,1,2,1,2,CHOSE_HIGH_SAL,1,455,1,0,0,0,1,0,36,176,176,36,-140,36,1,0,122.77199254493,67.2280074550697,122.77199254493,67.2280074550697,55.5439850898606,55.5439850898606,NaN,NaN,NaN,1784663230.78744,19843.79906724,1.68004846572876,0.0184609889984131,0.218924283981323,0.818866014480591,0.83516001701355,1.05224537849426,1.10223722457886,1.10223722457886,-1,-1,1.34578275680542,200.46329498291,217.085361480713,49.9918460845947,267.077207565308,Conflict,Left,Right,Left,Right,Left,0,1,0,1,1,0,1,0,1,1,0,1,0,0,1,0,0,1,1,252,192,20260721_t1530_srsSmooth_training_B003,56,36,15.7067205945651,1.56142377853394,2,2,175,1,1,0,0,1,1
20260721_t1530_srsSmooth_training,srs_smooth_training,trial0291.mat,291,291,252,3,67,56,104,84,20,8,2,1,6,2,45,18712,2,0,2,1,2,1,2,1,1,2,CHOSE_LOW_SAL,2,455,1,0,0,0,1,0,42,167,167,42,-125,42,1,0,23.4505897340504,166.54941026595,23.4505897340504,166.54941026595,-143.098820531899,143.098820531899,NaN,NaN,NaN,1784663234.02679,19847.03834544,1.72433114051819,0.0125730037689209,0.179825305938721,0.804788827896118,0.820937871932983,1.06301760673523,1.11293721199036,1.11293721199036,-1,-1,1.38134026527405,167.2523021698,242.079734802246,49.919605255127,291.999340057373,Congruent,Left,Right,Left,Right,Right,0,1,1,0,1,0,1,0,0,1,0,1,1,0,1,1,0,0,1,253,193,20260721_t1530_srsSmooth_training_B003,57,37,15.7607097466787,1.55930066108704,1,2,36,1,0,0,1,1,1
20260721_t1530_srsSmooth_training,srs_smooth_training,trial0292.mat,292,292,253,3,68,57,104,84,20,8,2,2,8,2,98,7548,2,0,2,1,2,1,1,2,1,2,CHOSE_HIGH_SAL,1,455,1,0,0,0,1,0,69,176,176,69,-107,69,1,0,165.728795505689,24.2712044943105,165.728795505689,24.2712044943106,141.457591011379,141.457591011379,NaN,NaN,NaN,1784663237.30417,19850.31554708,1.93014073371887,0.0186610221862793,0.244258642196655,1.01102519035339,1.02703380584717,1.26105117797852,1.31094217300415,1.31094217300415,-1,-1,1.56283330917358,225.597620010376,234.017372131348,49.8909950256348,283.908367156982,Conflict,Left,Right,Left,Right,Left,0,1,0,1,1,0,1,0,1,1,0,1,0,0,1,0,0,1,1,254,194,20260721_t1530_srsSmooth_training_B003,58,38,15.815332643191,1.55304265022278,1,2,42,1,0,0,1,1,1
20260721_t1530_srsSmooth_training,srs_smooth_training,trial0293.mat,293,293,254,3,69,58,104,84,20,8,2,2,7,2,67,18321,2,0,1,2,2,2,1,1,1,1,CHOSE_HIGH_SAL,1,455,1,0,0,0,1,0,24,178,178,24,-154,24,1,180,300.410421735442,249.589578264558,120.410421735442,69.5895782645582,50.8208434708837,50.8208434708837,NaN,NaN,NaN,1784663240.79495,19853.80627672,1.83097910881042,0.0196783542633057,0.212116241455078,0.986689805984497,0.99471640586853,1.20342302322388,1.25342512130737,1.25342512130737,-1,-1,1.50502133369446,192.437887191772,208.706617355347,50.0020980834961,258.708715438843,Conflict,Right,Left,Right,Left,Right,0,1,0,1,1,1,1,0,1,0,0,1,0,1,0,1,0,1,1,255,195,20260721_t1530_srsSmooth_training_B003,59,39,15.8735124190648,1.56064581871033,1,2,69,1,0,1,1,0,1
20260721_t1530_srsSmooth_training,srs_smooth_training,trial0294.mat,294,294,255,3,70,59,104,84,20,8,2,1,5,2,23,3805,2,0,1,2,2,2,2,2,2,2,CHOSE_HIGH_SAL,1,455,1,0,0,0,1,0,61,155,155,61,-94,155,1,0,11.9053474358873,178.094652564113,11.9053474358873,178.094652564113,-166.189305128225,166.189305128225,NaN,NaN,NaN,1784663244.2475,19857.25889032,1.81187295913696,0.0172708034515381,0.209302425384521,0.792751550674438,0.808968782424927,1.03444623947144,1.0760498046875,1.0760498046875,-1,-1,1.36106419563293,192.031621932983,225.477457046509,41.6035652160645,267.081022262573,Congruent,Right,Left,Left,Left,Left,0,1,1,0,1,0,0,1,1,1,1,0,0,1,0,0,0,0,1,256,196,20260721_t1530_srsSmooth_training_B003,60,40,15.9310548146566,1.62156462669373,1,1,24,1,1,1,0,0,1
20260721_t1530_srsSmooth_training,srs_smooth_training,trial0296.mat,296,296,256,3,72,60,104,84,20,8,2,2,7,2,81,4454,2,0,1,2,2,2,1,1,2,2,CHOSE_LOW_SAL,2,455,1,0,0,0,1,0,64,162,162,64,-98,162,1,180,354.01757664214,195.98242335786,174.01757664214,15.9824233578604,158.035153284279,158.035153284279,NaN,NaN,NaN,1784663249.36401,19862.37514896,2.02903723716736,0.0176277160644531,0.309721946716309,1.00986218452454,1.02600049972534,1.28479886054993,1.32660675048828,1.32660675048828,-1,-1,1.57004308700562,292.094230651855,258.798360824585,41.8078899383545,300.606250762939,Conflict,Right,Left,Left,Left,Right,0,1,0,1,1,0,0,1,0,1,1,0,1,1,0,1,0,1,1,257,197,20260721_t1530_srsSmooth_training_B003,61,41,16.0163299997648,3.30463814735413,2,2,155,1,0,0,1,1,1
20260721_t1530_srsSmooth_training,srs_smooth_training,trial0297.mat,297,297,257,3,73,61,104,84,20,8,2,1,5,2,21,10611,2,0,1,2,2,2,2,2,2,2,CHOSE_HIGH_SAL,1,455,1,0,0,0,1,0,52,178,178,52,-126,178,1,0,76.6586699534003,113.3413300466,76.6586699534004,113.3413300466,-36.6826600931993,36.6826600931993,NaN,NaN,NaN,1784663252.96791,19865.97906644,2.01755356788635,0.0138657093048096,0.21432638168335,1.00621914863586,1.0222384929657,1.23141741752625,1.27285838127136,1.27285838127136,-1,-1,1.54139399528503,200.46067237854,209.178924560547,41.4409637451172,250.619888305664,Congruent,Right,Left,Left,Left,Left,0,1,1,0,1,0,0,1,1,1,1,0,0,1,0,0,0,0,1,258,198,20260721_t1530_srsSmooth_training_B003,62,42,16.0763950506846,1.57486581802368,2,2,162,1,0,0,1,1,1
20260721_t1530_srsSmooth_training,srs_smooth_training,trial0299.mat,299,299,258,3,75,62,104,84,20,8,2,2,8,2,87,27330,2,0,2,1,2,1,1,2,1,2,CHOSE_HIGH_SAL,1,455,1,0,0,0,1,0,72,181,181,72,-109,72,1,180,332.27247891722,217.72752108278,152.27247891722,37.7275210827795,114.544957834441,114.544957834441,NaN,NaN,NaN,1784663258.27611,19871.28700368,1.73414325714111,0.0142085552215576,0.231584787368774,0.815062761306763,0.830907583236694,1.06511521339417,1.10630774497986,1.10630774497986,-1,-1,1.35831761360168,217.376232147217,234.207630157471,41.1925315856934,275.400161743164,Conflict,Left,Right,Left,Right,Left,0,1,0,1,1,0,1,0,1,1,0,1,0,0,1,0,0,1,1,259,199,20260721_t1530_srsSmooth_training_B003,63,43,16.1648650527,3.29064655303955,2,2,178,1,1,0,0,1,1
20260721_t1530_srsSmooth_training,srs_smooth_training,trial0300.mat,300,300,259,3,76,63,104,84,20,8,2,1,6,2,48,10408,2,0,2,1,2,1,2,1,1,2,CHOSE_LOW_SAL,2,455,1,0,0,0,1,0,39,184,184,39,-145,39,1,0,90.8252040325513,99.1747959674487,90.8252040325513,99.1747959674487,-8.34959193489749,8.34959193489749,NaN,NaN,NaN,1784663261.57384,19874.58477904,1.51974034309387,0.0166118144989014,0.0175206661224365,0.625648021697998,0.641635894775391,0.884065628051758,0.934041500091553,0.934041500091553,-1,-1,1.1772153377533,0.908851623535156,242.429733276367,49.9758720397949,292.405605316162,Congruent,Left,Right,Left,Right,Right,0,1,1,0,1,0,1,0,0,1,0,1,1,0,1,1,0,0,1,260,200,20260721_t1530_srsSmooth_training_B003,64,44,16.2198271632195,1.56358337402344,1,2,72,1,0,0,1,1,1
20260721_t1530_srsSmooth_training,srs_smooth_training,trial0302.mat,302,302,260,3,78,64,104,84,20,8,2,2,8,2,84,18386,2,0,2,1,2,1,1,2,2,1,CHOSE_LOW_SAL,2,455,1,0,0,0,1,0,22,173,173,22,-151,173,1,0,147.233985654342,42.7660143456577,147.233985654342,42.7660143456577,104.467971308685,104.467971308685,NaN,NaN,NaN,1784663266.38688,19879.39774916,1.8570339679718,0.0120928287506104,0.27921986579895,0.787562131881714,0.803790807723999,1.05425810813904,1.09592771530151,1.09592771530151,-1,-1,1.38184022903442,267.12703704834,250.467300415039,41.6696071624756,292.136907577515,Conflict,Left,Right,Right,Right,Left,0,1,0,1,1,1,0,1,0,0,1,0,1,0,1,0,0,1,1,261,201,20260721_t1530_srsSmooth_training_B003,65,45,16.3000445326169,3.293301820755,1,2,39,1,1,1,0,0,1
20260721_t1530_srsSmooth_training,srs_smooth_training,trial0303.mat,303,303,261,3,79,65,104,84,20,8,2,1,5,2,40,18928,2,0,1,2,2,2,2,2,1,1,CHOSE_LOW_SAL,2,455,1,0,0,0,1,0,25,182,182,25,-157,25,1,0,22.5609166447372,167.439083355263,22.5609166447372,167.439083355263,-144.878166710526,144.878166710526,NaN,NaN,NaN,1784663269.807,19882.81776568,1.56989526748657,0.0171051025390625,0.0179123878479004,0.642521381378174,0.658797264099121,0.892577171325684,0.942636013031006,0.942636013031006,-1,-1,1.24435210227966,0.807285308837891,233.779907226562,50.0588417053223,283.838748931885,Congruent,Right,Left,Right,Left,Left,0,1,1,0,1,1,1,0,0,0,0,1,1,1,0,0,0,0,1,262,202,20260721_t1530_srsSmooth_training_B003,66,46,16.357046576341,1.5630886554718,2,1,173,1,1,0,0,1,1
20260721_t1530_srsSmooth_training,srs_smooth_training,trial0304.mat,304,304,262,3,80,66,104,84,20,8,2,1,6,2,44,2486,2,0,2,1,2,1,2,1,1,2,CHOSE_LOW_SAL,2,455,1,0,0,0,1,0,21,157,157,21,-136,21,1,0,23.5885288189311,166.411471181069,23.5885288189311,166.411471181069,-142.822942362138,142.822942362138,NaN,NaN,NaN,1784663272.97504,19885.9857846,1.73552012443542,0.015855073928833,0.199659824371338,0.882916927337646,0.899223327636719,1.12458944320679,1.18292999267578,1.18292999267578,-1,-1,1.41811013221741,183.804750442505,225.366115570068,58.3405494689941,283.706665039062,Congruent,Left,Right,Left,Right,Right,0,1,1,0,1,0,1,0,0,1,0,1,1,0,1,1,0,0,1,263,203,20260721_t1530_srsSmooth_training_B003,67,47,16.4098472555478,1.59814548492432,1,1,25,1,0,1,1,0,1
20260721_t1530_srsSmooth_training,srs_smooth_training,trial0305.mat,305,305,263,3,81,67,104,84,20,8,2,1,6,2,43,26579,2,0,2,1,2,1,2,1,2,1,CHOSE_HIGH_SAL,1,455,1,0,0,0,1,0,32,176,176,32,-144,176,1,180,191.153235739404,358.846764260596,11.153235739404,178.846764260596,-167.693528521192,167.693528521192,NaN,NaN,NaN,1784663276.29645,19889.30704588,2.0481128692627,0.0112438201904297,0.228448629379272,1.02841186523438,1.04461765289307,1.29515266418457,1.33671164512634,1.33671164512634,-1,-1,1.57179975509644,217.204809188843,250.535011291504,41.5589809417725,292.093992233276,Congruent,Left,Right,Right,Right,Right,0,1,1,0,1,1,0,1,1,0,1,0,0,0,1,1,0,0,1,264,204,20260721_t1530_srsSmooth_training_B003,68,48,16.4652040839195,1.5858895778656,1,2,21,1,1,1,0,0,1
20260721_t1530_srsSmooth_training,srs_smooth_training,trial0306.mat,306,306,264,3,82,68,104,84,20,8,2,1,5,2,22,7374,2,0,1,2,2,2,2,2,0,0,,0,11,0,1,0,0,1,0,28,174,174,28,-146,NaN,1,0,83.2319979427997,106.7680020572,83.2319979427997,106.7680020572,-23.5360041144006,23.5360041144006,NaN,NaN,NaN,1784663279.91653,19892.92703056,0.142765998840332,0.0163037776947021,0.0919744968414307,-1,-1,-1,-1,-1,-1,-1,-1,75.6707191467285,NaN,NaN,NaN,Congruent,Right,Left,None,Left,Left,0,1,1,0,0,NaN,NaN,NaN,NaN,NaN,NaN,NaN,NaN,1,0,0,0,0,0,264,NaN,20260721_t1530_srsSmooth_training_B003,NaN,NaN,16.5255387941996,1.57196974754333,NaN,NaN,NaN,0,NaN,NaN,NaN,NaN,0
20260721_t1530_srsSmooth_training,srs_smooth_training,trial0307.mat,307,307,264,3,83,68,104,84,20,8,2,2,8,2,99,32239,2,0,2,1,2,1,1,2,2,1,CHOSE_LOW_SAL,2,455,1,0,0,0,1,0,49,187,187,49,-138,187,1,0,177.942696307647,12.0573036923535,177.942696307647,12.0573036923535,165.885392615293,165.885392615293,NaN,NaN,NaN,1784663281.52709,19894.53753128,1.93398451805115,0.0141496658325195,0.0148727893829346,0.781274557113647,0.797514677047729,1.09794545173645,1.14799332618713,1.14799332618713,-1,-1,1.44959759712219,0.723123550415039,300.430774688721,50.0478744506836,350.478649139404,Conflict,Left,Right,Right,Right,Left,0,1,0,1,1,1,0,1,0,0,1,0,1,0,1,0,0,1,1,265,205,20260721_t1530_srsSmooth_training_B003,69,49,16.5523812969526,1.46778416633606,2,1,176,1,0,0,1,1,1
20260721_t1530_srsSmooth_training,srs_smooth_training,trial0308.mat,308,308,265,3,84,69,104,84,20,8,2,2,8,2,96,9463,2,0,2,1,2,1,1,2,2,1,CHOSE_LOW_SAL,2,455,1,0,0,0,1,0,29,161,161,29,-132,161,1,180,304.710185295471,245.289814704529,124.710185295471,65.289814704529,59.420370590942,59.420370590942,NaN,NaN,NaN,1784663285.05661,19898.067123,1.87952709197998,0.0180978775024414,0.218511581420898,0.918625831604004,0.93480110168457,1.13520121574402,1.18525457382202,1.18525457382202,-1,-1,1.42099118232727,200.413703918457,200.400114059448,50.0533580780029,250.453472137451,Conflict,Left,Right,Right,Right,Left,0,1,0,1,1,1,0,1,0,0,1,0,1,0,1,0,0,1,1,266,206,20260721_t1530_srsSmooth_training_B003,70,50,16.6112067103386,1.59554028511047,2,1,187,1,0,0,1,1,1
20260721_t1530_srsSmooth_training,srs_smooth_training,trial0309.mat,309,309,266,3,85,70,104,84,20,8,2,1,6,2,47,23445,2,0,2,1,2,1,2,1,2,1,CHOSE_HIGH_SAL,1,455,1,0,0,0,1,0,26,170,170,26,-144,170,1,180,191.118397279921,358.881602720079,11.1183972799208,178.881602720079,-167.763205440158,167.763205440158,NaN,NaN,NaN,1784663288.51469,19901.5251976,1.80467772483826,0.0184922218322754,0.110624074935913,0.7857825756073,0.80185604095459,1.04396200180054,1.09404754638672,1.09404754638672,-1,-1,1.33761692047119,92.1318531036377,242.105960845947,50.0855445861816,292.191505432129,Congruent,Left,Right,Right,Right,Right,0,1,1,0,1,1,0,1,1,0,1,0,0,0,1,1,0,0,1,267,207,20260721_t1530_srsSmooth_training_B003,71,51,16.6688413103422,1.57854890823364,2,1,161,1,0,0,1,1,1
20260721_t1530_srsSmooth_training,srs_smooth_training,trial0310.mat,310,310,267,3,86,71,104,84,20,8,2,1,5,2,26,10806,2,0,1,2,2,2,2,2,1,1,CHOSE_LOW_SAL,2,455,1,0,0,0,1,0,46,189,189,46,-143,46,1,0,48.3875881623994,141.612411837601,48.3875881623994,141.612411837601,-93.2248236752013,93.2248236752013,NaN,NaN,NaN,1784663291.89199,19904.90241932,1.95356941223145,0.0163168907165527,0.266780376434326,1.00874400138855,1.02468991279602,1.25839042663574,1.30848026275635,1.30848026275635,-1,-1,1.61023879051208,250.463485717773,233.700513839722,50.0898361206055,283.790349960327,Congruent,Right,Left,Right,Left,Left,0,1,1,0,1,1,1,0,0,0,0,1,1,1,0,0,0,0,1,268,208,20260721_t1530_srsSmooth_training_B003,72,52,16.7251297791799,1.57263040542603,2,1,170,1,1,0,0,1,1
20260721_t1530_srsSmooth_training,srs_smooth_training,trial0311.mat,311,311,268,3,87,72,104,84,20,8,2,1,6,2,55,25268,2,0,2,1,2,1,2,1,2,1,CHOSE_HIGH_SAL,1,455,1,0,0,0,1,0,47,177,177,47,-130,177,1,180,190.015217583467,359.984782416533,10.0152175834673,179.984782416533,-169.969564833065,169.969564833065,NaN,NaN,NaN,1784663295.43641,19908.44663788,1.70836019515991,0.0137042999267578,0.214101552963257,0.739185333251953,0.755399942398071,0.947548866271973,0.98914361000061,0.98914361000061,-1,-1,1.23242235183716,200.397253036499,192.148923873901,41.5947437286377,233.743667602539,Congruent,Left,Right,Right,Right,Right,0,1,1,0,1,1,0,1,1,0,1,0,0,0,1,1,0,0,1,269,209,20260721_t1530_srsSmooth_training_B003,73,53,16.7842034260432,1.59084939956665,1,1,46,1,1,0,0,1,1
20260721_t1530_srsSmooth_training,srs_smooth_training,trial0312.mat,312,312,269,3,88,73,104,84,20,8,2,2,7,2,79,9182,2,0,1,2,2,2,1,1,1,1,CHOSE_HIGH_SAL,1,455,1,0,0,0,1,0,47,162,162,47,-115,47,1,0,124.075775652201,65.9242243477988,124.075775652201,65.9242243477988,58.1515513044025,58.1515513044025,NaN,NaN,NaN,1784663298.74048,19911.75072928,1.71295189857483,0.0181021690368652,0.0188825130462646,0.785202026367188,0.801466464996338,1.02699756622314,1.07707166671753,1.07707166671753,-1,-1,1.36240005493164,0.780344009399414,225.531101226807,50.0741004943848,275.605201721191,Conflict,Right,Left,Right,Left,Right,0,1,0,1,1,1,1,0,1,0,0,1,0,1,0,1,0,1,1,270,210,20260721_t1530_srsSmooth_training_B003,74,54,16.8392711877823,1.59570550918579,2,1,177,1,1,0,0,1,1
20260721_t1530_srsSmooth_training,srs_smooth_training,trial0313.mat,313,313,270,3,89,74,104,84,20,8,2,1,6,2,49,22563,2,0,2,1,2,1,2,1,2,1,CHOSE_HIGH_SAL,1,455,1,0,0,0,1,0,35,195,195,35,-160,195,1,180,218.144342427406,331.855657572594,38.1443424274064,151.855657572594,-113.711315145187,113.711315145187,NaN,NaN,NaN,1784663302.02019,19915.03025696,1.76643180847168,0.0135202407836914,0.1723473072052,0.697375535964966,0.713547945022583,0.964068651199341,1.00557446479797,1.00557446479797,-1,-1,1.27426600456238,158.827066421509,250.520706176758,41.5058135986328,292.026519775391,Congruent,Left,Right,Right,Right,Right,0,1,1,0,1,1,0,1,1,0,1,0,0,0,1,1,0,0,1,271,211,20260721_t1530_srsSmooth_training_B003,75,55,16.8939330259959,1.56675839424133,1,1,47,1,1,0,0,1,1
20260721_t1530_srsSmooth_training,srs_smooth_training,trial0314.mat,314,314,271,3,90,75,104,84,20,8,2,2,7,2,75,6509,2,0,1,2,2,2,1,1,1,1,CHOSE_HIGH_SAL,1,455,1,0,0,0,1,0,55,176,176,55,-121,55,1,0,174.231389791168,15.7686102088323,174.231389791168,15.7686102088323,158.462779582335,158.462779582335,NaN,NaN,NaN,1784663305.35936,19918.36937044,1.71905398368835,0.0161468982696533,0.0171675682067871,0.766876220703125,0.782843828201294,1.0332932472229,1.08348202705383,1.08348202705383,-1,-1,1.36038398742676,1.02066993713379,250.449419021606,50.1887798309326,300.638198852539,Conflict,Right,Left,Right,Left,Right,0,1,0,1,1,1,1,0,1,0,0,1,0,1,0,1,0,1,1,272,212,20260721_t1530_srsSmooth_training_B003,76,56,16.949585878849,1.57273936271667,2,1,195,1,1,0,0,1,1
20260721_t1530_srsSmooth_training,srs_smooth_training,trial0315.mat,315,315,272,3,91,76,104,84,20,8,2,2,7,2,80,7455,2,0,1,2,2,2,1,1,1,1,CHOSE_HIGH_SAL,1,455,1,0,0,0,1,0,59,170,170,59,-111,59,1,0,95.83140242316,94.16859757684,95.83140242316,94.16859757684,1.66280484632,1.66280484632,NaN,NaN,NaN,1784663308.65011,19921.66006976,1.77839708328247,0.0171892642974854,0.126206398010254,0.876339912414551,0.892222881317139,1.14268398284912,1.19262933731079,1.19262933731079,-1,-1,1.41977190971375,109.017133712769,250.461101531982,49.9453544616699,300.406455993652,Conflict,Right,Left,Right,Left,Right,0,1,0,1,1,1,1,0,1,0,0,1,0,1,0,1,0,1,1,273,213,20260721_t1530_srsSmooth_training_B003,77,57,17.0044317762057,1.57169985771179,1,1,55,1,0,0,1,1,1
20260721_t1530_srsSmooth_training,srs_smooth_training,trial0316.mat,316,316,273,3,92,77,104,84,20,8,2,1,6,2,46,3471,2,0,2,1,2,1,2,1,2,1,CHOSE_HIGH_SAL,1,455,1,0,0,0,1,0,17,174,174,17,-157,174,1,180,198.543732693639,351.456267306361,18.5437326936389,171.456267306361,-152.912534612722,152.912534612722,NaN,NaN,NaN,1784663312.02993,19925.03983748,1.89936280250549,0.0125076770782471,0.29662013053894,0.946564435958862,0.962544679641724,1.14657497406006,1.18829321861267,1.18829321861267,-1,-1,1.42338848114014,284.112453460693,184.030294418335,41.7182445526123,225.748538970947,Congruent,Left,Right,Right,Right,Right,0,1,1,0,1,1,0,1,1,0,1,0,0,0,1,1,0,0,1,274,214,20260721_t1530_srsSmooth_training_B003,78,58,17.0607620000839,1.60141634941101,1,1,59,1,1,0,0,1,1
20260721_t1530_srsSmooth_training,srs_smooth_training,trial0317.mat,317,317,274,3,93,78,104,84,20,8,2,2,7,2,76,2703,2,0,1,2,2,2,1,1,1,1,CHOSE_HIGH_SAL,1,455,1,0,0,0,1,0,54,157,157,54,-103,54,1,0,157.095299362749,32.9047006372508,157.095299362749,32.9047006372508,124.190598725498,124.190598725498,NaN,NaN,NaN,1784663315.48151,19928.49140328,1.87212014198303,0.0193889141082764,0.220046520233154,0.961534738540649,0.977760314941406,1.21149563789368,1.26155948638916,1.26155948638916,-1,-1,1.52166962623596,200.657606124878,233.735322952271,50.0638484954834,283.799171447754,Conflict,Right,Left,Right,Left,Right,0,1,0,1,1,1,1,0,1,0,0,1,0,1,0,1,0,1,1,275,215,20260721_t1530_srsSmooth_training_B003,79,59,17.1182884414991,1.55222368240356,2,1,174,1,1,0,0,1,1
20260721_t1530_srsSmooth_training,srs_smooth_training,trial0318.mat,318,318,275,3,94,79,104,84,20,8,2,2,8,2,92,31695,2,0,2,1,2,1,1,2,1,2,CHOSE_HIGH_SAL,1,455,1,0,0,0,1,0,45,185,185,45,-140,45,1,0,160.665703349309,29.3342966506907,160.665703349309,29.3342966506907,131.331406698619,131.331406698619,NaN,NaN,NaN,1784663318.92796,19931.93777152,1.69272041320801,0.0147390365600586,0.20683217048645,0.765183687210083,0.781435012817383,1.01509070396423,1.0653247833252,1.0653247833252,-1,-1,1.35029339790344,192.093133926392,233.655691146851,50.2340793609619,283.889770507812,Conflict,Left,Right,Left,Right,Left,0,1,0,1,1,0,1,0,1,1,0,1,0,0,1,0,0,1,1,276,216,20260721_t1530_srsSmooth_training_B003,80,60,17.1757292906443,1.57433080673218,1,1,54,1,0,1,1,0,1
20260721_t1530_srsSmooth_training,srs_smooth_training,trial0319.mat,319,319,276,3,95,80,104,84,20,8,2,1,5,2,22,7374,2,0,1,2,2,2,2,2,1,1,CHOSE_LOW_SAL,2,455,1,0,0,0,1,0,48,177,177,48,-129,48,1,0,10.2397975897686,179.760202410231,10.2397975897686,179.760202410231,-169.520404820463,169.520404820463,NaN,NaN,NaN,1784663322.27017,19935.27986564,1.80085706710815,0.0143301486968994,0.214807748794556,0.856529951095581,0.872696161270142,1.13143420219421,1.1813588142395,1.1813588142395,-1,-1,1.44976687431335,200.477600097656,258.738040924072,49.9246120452881,308.66265296936,Congruent,Right,Left,Right,Left,Left,0,1,1,0,1,1,1,0,0,0,0,1,1,1,0,0,0,0,1,277,217,20260721_t1530_srsSmooth_training_B003,81,61,17.2314327279727,1.64948582649231,1,2,45,1,0,1,1,0,1
20260721_t1530_srsSmooth_training,srs_smooth_training,trial0320.mat,320,320,277,3,96,81,104,84,20,8,2,2,7,2,66,7568,2,0,1,2,2,2,1,1,2,2,CHOSE_LOW_SAL,2,455,1,0,0,0,1,0,27,186,186,27,-159,186,1,180,303.109750070658,246.890249929342,123.109750070658,66.8902499293425,56.2195001413151,56.2195001413151,NaN,NaN,NaN,1784663325.63385,19938.64341232,1.67931795120239,0.0174479484558105,0.0182828903198242,0.659653425216675,0.675806999206543,0.892879009246826,0.934916973114014,0.934916973114014,-1,-1,1.19489097595215,0.834941864013672,217.072010040283,42.0379638671875,259.109973907471,Conflict,Right,Left,Left,Left,Right,0,1,0,1,1,0,0,1,0,1,1,0,1,1,0,1,0,1,1,278,218,20260721_t1530_srsSmooth_training_B003,82,62,17.2874940474828,1.56282210350037,1,1,48,1,1,1,0,0,1
20260721_t1530_srsSmooth_training,srs_smooth_training,trial0321.mat,321,321,278,3,97,82,104,84,20,8,2,1,5,2,33,13655,2,0,1,2,2,2,2,2,2,2,CHOSE_HIGH_SAL,1,455,1,0,0,0,1,0,27,184,184,27,-157,184,1,0,53.3296526304418,136.670347369558,53.3296526304418,136.670347369558,-83.3406947391165,83.3406947391165,NaN,NaN,NaN,1784663328.8771,19941.88664912,1.88615822792053,0.0159885883331299,0.266788244247437,0.850120544433594,0.866021633148193,1.11648297309875,1.16679120063782,1.16679120063782,-1,-1,1.4015109539032,250.799655914307,250.461339950562,50.3082275390625,300.769567489624,Congruent,Right,Left,Left,Left,Left,0,1,1,0,1,0,0,1,1,1,1,0,0,1,0,0,0,0,1,279,219,20260721_t1530_srsSmooth_training_B003,83,63,17.3415482362111,1.56393337249756,2,2,186,1,0,0,1,1,1
20260721_t1530_srsSmooth_training,srs_smooth_training,trial0322.mat,322,322,279,3,98,83,104,84,20,8,2,1,5,2,35,6559,2,0,1,2,2,2,2,2,2,2,CHOSE_HIGH_SAL,1,455,1,0,0,0,1,0,35,161,161,35,-126,161,1,180,222.652822644434,327.347177355566,42.6528226444335,147.347177355566,-104.694354711133,104.694354711133,NaN,NaN,NaN,1784663332.32977,19945.33925196,1.88322424888611,0.0134506225585938,0.230751991271973,0.905850410461426,0.921818494796753,1.15598702430725,1.20566248893738,1.20566248893738,-1,-1,1.42497730255127,217.301368713379,234.168529510498,49.675464630127,283.843994140625,Congruent,Right,Left,Left,Left,Left,0,1,1,0,1,0,0,1,1,1,1,0,0,1,0,0,0,0,1,280,220,20260721_t1530_srsSmooth_training_B003,84,64,17.3990927696228,1.56651377677917,2,2,184,1,0,0,1,1,1
20260721_t1530_srsSmooth_training,srs_smooth_training,trial0323.mat,323,323,280,3,99,84,104,84,20,8,2,2,7,2,63,31671,2,0,1,2,2,2,1,1,2,2,CHOSE_LOW_SAL,2,455,1,0,0,0,1,0,55,203,203,55,-148,203,1,0,178.733905776996,11.2660942230035,178.733905776996,11.2660942230036,167.467811553993,167.467811553993,NaN,NaN,NaN,1784663335.78013,19948.78961344,1.98312377929688,0.0132260322570801,0.247429847717285,0.930208921432495,0.938262224197388,1.18858528137207,1.23873424530029,1.23873424530029,-1,-1,1.48197197914124,234.203815460205,250.323057174683,50.1489639282227,300.472021102905,Conflict,Right,Left,Left,Left,Right,0,1,0,1,1,0,0,1,0,1,1,0,1,1,0,1,0,1,1,281,221,20260721_t1530_srsSmooth_training_B003,85,65,17.4565987269084,1.56713318824768,2,2,161,1,0,0,1,1,1
20260721_t1530_srsSmooth_training,srs_smooth_training,trial0325.mat,325,325,281,3,101,85,104,84,20,8,2,2,8,2,94,20529,2,0,2,1,2,1,1,2,1,2,CHOSE_HIGH_SAL,1,455,1,0,0,0,1,0,37,171,171,37,-134,37,1,180,349.693980365212,200.306019634788,169.693980365212,20.3060196347882,149.387960730424,149.387960730424,NaN,NaN,NaN,1784663341.19856,19954.207875,1.76459312438965,0.0116767883300781,0.212159872055054,0.903969526290894,0.920045852661133,1.1372127532959,1.17931056022644,1.17931056022644,-1,-1,1.43077254295349,200.483083724976,217.166900634766,42.097806930542,259.264707565308,Conflict,Left,Right,Left,Right,Left,0,1,0,1,1,0,1,0,1,1,0,1,0,0,1,0,0,1,1,282,222,20260721_t1530_srsSmooth_training_B003,86,66,17.5469058156013,3.4353015422821,2,2,203,1,1,0,0,1,1
20260721_t1530_srsSmooth_training,srs_smooth_training,trial0326.mat,326,326,282,3,102,86,104,84,20,8,2,1,5,2,30,29444,2,0,1,2,2,2,2,2,2,2,CHOSE_HIGH_SAL,1,455,1,0,0,0,1,0,30,172,172,30,-142,172,1,180,213.657620346278,336.342379653722,33.6576203462779,156.342379653722,-122.684759307444,122.684759307444,NaN,NaN,NaN,1784663344.54676,19957.55596844,2.04289817810059,0.013603687286377,0.280887603759766,0.997769594192505,1.01364254951477,1.20579075813293,1.25578761100769,1.25578761100769,-1,-1,1.5666298866272,267.283916473389,192.148208618164,49.9968528747559,242.14506149292,Congruent,Right,Left,Left,Left,Left,0,1,1,0,1,0,0,1,1,1,1,0,0,1,0,0,0,0,1,283,223,20260721_t1530_srsSmooth_training_B003,87,67,17.6027092019717,1.58361005783081,1,2,37,1,1,0,0,1,1
20260721_t1530_srsSmooth_training,srs_smooth_training,trial0327.mat,327,327,283,3,103,87,104,84,20,8,2,1,5,2,39,13757,2,0,1,2,2,2,2,2,2,2,CHOSE_HIGH_SAL,1,455,1,0,0,0,1,0,42,166,166,42,-124,166,1,0,29.5432724823284,160.456727517672,29.5432724823283,160.456727517672,-130.913455035343,130.913455035343,NaN,NaN,NaN,1784663348.20212,19961.2111684,2.03678607940674,0.0167210102081299,0.250508308410645,1.0422785282135,1.05842685699463,1.30885791778564,1.35056614875793,1.35056614875793,-1,-1,1.56920289993286,233.787298202515,250.431060791016,41.70823097229,292.139291763306,Congruent,Right,Left,Left,Left,Left,0,1,1,0,1,0,0,1,1,1,1,0,0,1,0,0,0,0,1,284,224,20260721_t1530_srsSmooth_training_B003,88,68,17.663631828626,1.61245942115784,2,2,172,1,0,0,1,1,1
20260721_t1530_srsSmooth_training,srs_smooth_training,trial0328.mat,328,328,284,3,104,88,104,84,20,8,2,2,8,2,100,239,2,0,2,1,2,1,1,2,1,2,CHOSE_HIGH_SAL,1,455,1,0,0,0,1,0,44,178,178,44,-134,44,1,180,357.440526355164,192.559473644835,177.440526355164,12.5594736448355,164.881052710329,164.881052710329,NaN,NaN,NaN,1784663351.80757,19964.8167422,1.73098373413086,0.0114061832427979,0.203845262527466,0.82887077331543,0.84477162361145,1.08685517311096,1.12860536575317,1.12860536575317,-1,-1,1.38903307914734,192.439079284668,242.083549499512,41.7501926422119,283.833742141724,Conflict,Left,Right,Left,Right,Left,0,1,0,1,1,0,1,0,1,1,0,1,0,0,1,0,0,1,1,285,225,20260721_t1530_srsSmooth_training_B003,89,69,17.7237227201462,1.5686674118042,2,2,166,1,1,0,0,1,1
20260721_t1530_srsSmooth_training,srs_smooth_training,trial0329.mat,329,329,285,3,105,89,104,84,20,8,2,2,8,2,91,23815,2,0,2,1,2,1,1,2,2,1,CHOSE_LOW_SAL,2,455,1,0,0,0,1,0,39,177,177,39,-138,177,1,0,121.052790347053,68.9472096529474,121.052790347053,68.9472096529474,52.1055806941051,52.1055806941051,NaN,NaN,NaN,1784663355.12173,19968.13077044,1.9754798412323,0.0140359401702881,0.281152248382568,0.92378568649292,0.939071893692017,1.15602827072144,1.18970155715942,1.18970155715942,-1,-1,1.49938631057739,267.11630821228,216.956377029419,33.6732864379883,250.629663467407,Conflict,Left,Right,Right,Right,Left,0,1,0,1,1,1,0,1,0,0,1,0,1,0,1,0,0,1,1,286,226,20260721_t1530_srsSmooth_training_B003,90,70,17.7789587934812,1.58318066596985,1,2,44,1,1,1,0,0,1
20260721_t1530_srsSmooth_training,srs_smooth_training,trial0331.mat,331,331,286,3,107,90,104,84,20,8,2,2,8,2,88,1896,2,0,2,1,2,1,1,2,2,1,CHOSE_LOW_SAL,2,455,1,0,0,0,1,0,27,179,179,27,-152,179,1,0,167.74317176062,22.2568282393802,167.74317176062,22.2568282393802,145.48634352124,145.48634352124,NaN,NaN,NaN,1784663360.39662,19973.40569424,2.00087857246399,0.0143532752990723,0.115126848220825,0.90676212310791,0.922722101211548,1.17324566841125,1.2151505947113,1.2151505947113,-1,-1,1.52510714530945,100.773572921753,250.523567199707,41.9049263000488,292.428493499756,Conflict,Left,Right,Right,Right,Left,0,1,0,1,1,1,0,1,0,0,1,0,1,0,1,0,0,1,1,287,227,20260721_t1530_srsSmooth_training_B003,91,71,17.8668735742569,3.29940700531006,2,1,177,1,0,0,1,1,1
20260721_t1530_srsSmooth_training,srs_smooth_training,trial0333.mat,333,333,287,3,109,91,104,84,20,8,2,1,6,2,53,11106,2,0,2,1,2,1,2,1,2,1,CHOSE_HIGH_SAL,1,455,1,0,0,0,1,0,36,169,169,36,-133,169,1,180,222.571339382208,327.428660617792,42.571339382208,147.428660617792,-104.857321235584,104.857321235584,NaN,NaN,NaN,1784663365.80954,19978.8184164,1.99658727645874,0.0183093547821045,0.19373083114624,0.968761444091797,0.985013484954834,1.25211644172668,1.31044363975525,1.31044363975525,-1,-1,1.52929544448853,175.421476364136,267.102956771851,58.3271980285645,325.430154800415,Congruent,Left,Right,Right,Right,Right,0,1,1,0,1,1,0,1,1,0,1,0,0,0,1,1,0,0,1,288,228,20260721_t1530_srsSmooth_training_B003,92,72,17.9570889035861,3.41204118728638,2,1,179,1,0,0,1,1,1
20260721_t1530_srsSmooth_training,srs_smooth_training,trial0334.mat,334,334,288,3,110,92,104,84,20,8,2,1,6,2,61,20389,2,0,2,1,2,1,2,1,2,1,CHOSE_HIGH_SAL,1,455,1,0,0,0,1,0,27,174,174,27,-147,174,1,0,30.4087481929487,159.591251807051,30.4087481929487,159.591251807051,-129.182503614103,129.182503614103,NaN,NaN,NaN,1784663369.39563,19982.40450592,1.6190767288208,0.0156888961791992,0.0166597366333008,0.616601705551147,0.632378816604614,0.857950448989868,0.908026933670044,0.908026933670044,-1,-1,1.14318656921387,0.970840454101562,225.571632385254,50.0764846801758,275.64811706543,Congruent,Left,Right,Right,Right,Right,0,1,1,0,1,1,0,1,1,0,1,0,0,0,1,1,0,0,1,289,229,20260721_t1530_srsSmooth_training_B003,93,73,18.016857111454,1.58950519561768,2,1,169,1,0,0,1,1,1
20260721_t1530_srsSmooth_training,srs_smooth_training,trial0335.mat,335,335,289,3,111,93,104,84,20,8,2,2,8,2,86,15645,2,0,2,1,2,1,1,2,0,0,,0,11,0,1,0,0,1,0,45,164,164,45,-119,NaN,1,180,334.689972126754,215.310027873246,154.689972126754,35.310027873246,119.379944253508,119.379944253508,NaN,NaN,NaN,1784663372.56341,19985.5720566,0.0691630840301514,0.0146975517272949,0.0156967639923096,-1,-1,-1,-1,-1,-1,-1,-1,0.999212265014648,NaN,NaN,NaN,Conflict,Left,Right,None,Right,Left,0,1,0,1,0,NaN,NaN,NaN,NaN,NaN,NaN,NaN,NaN,0,1,0,0,1,0,289,NaN,20260721_t1530_srsSmooth_training_B003,NaN,NaN,18.0696534474691,1.54870343208313,NaN,NaN,NaN,0,NaN,NaN,NaN,NaN,0
20260721_t1530_srsSmooth_training,srs_smooth_training,trial0336.mat,336,336,289,3,112,93,104,84,20,8,2,1,5,2,32,24745,2,0,1,2,2,2,2,2,1,1,CHOSE_LOW_SAL,2,455,1,0,0,0,1,0,29,161,161,29,-132,29,1,0,44.7024293990125,145.297570600988,44.7024293990125,145.297570600988,-100.595141201975,100.595141201975,NaN,NaN,NaN,1784663374.07899,19987.08757384,1.69373083114624,0.0158424377441406,0.199573993682861,0.791382312774658,0.807539701461792,1.01637506484985,1.0745837688446,1.0745837688446,-1,-1,1.36848664283752,183.731555938721,208.835363388062,58.208703994751,267.044067382812,Congruent,Right,Left,Right,Left,Left,0,1,1,0,1,1,1,0,0,0,0,1,1,1,0,0,0,0,1,290,230,20260721_t1530_srsSmooth_training_B003,94,74,18.0949131170909,1.44641709327698,2,1,174,1,1,0,0,1,1
20260721_t1530_srsSmooth_training,srs_smooth_training,trial0337.mat,337,337,290,3,113,94,104,84,20,8,2,1,5,2,27,3561,2,0,1,2,2,2,2,2,1,1,CHOSE_LOW_SAL,2,455,1,0,0,0,1,0,45,176,176,45,-131,45,1,180,264.851917177587,285.148082822413,84.8519171775872,105.148082822413,-20.2961656448256,20.2961656448256,NaN,NaN,NaN,1784663377.329,19990.33760144,1.66732430458069,0.0159580707550049,0.199971199035645,0.808180332183838,0.824321985244751,1.04150438308716,1.09142804145813,1.09142804145813,-1,-1,1.31843447685242,184.01312828064,217.182397842407,49.9236583709717,267.106056213379,Congruent,Right,Left,Right,Left,Left,0,1,1,0,1,1,1,0,0,0,0,1,1,1,0,0,0,0,1,291,231,20260721_t1530_srsSmooth_training_B003,95,75,18.1490799585978,1.55627965927124,1,1,29,1,0,0,1,1,1
20260721_t1530_srsSmooth_training,srs_smooth_training,trial0338.mat,338,338,291,3,114,95,104,84,20,8,2,2,8,2,85,472,2,0,2,1,2,1,1,2,2,1,CHOSE_LOW_SAL,2,455,1,0,0,0,1,0,8,185,185,8,-177,185,1,180,355.316114080198,194.683885919802,175.316114080198,14.6838859198024,160.632228160395,160.632228160395,NaN,NaN,NaN,1784663380.58492,19993.59350516,2.03803396224976,0.018500804901123,0.260639905929565,1.00226378440857,1.0185399055481,1.23569846153259,1.28570961952209,1.28570961952209,-1,-1,1.55430507659912,242.139101028442,217.158555984497,50.011157989502,267.169713973999,Conflict,Left,Right,Right,Right,Left,0,1,0,1,1,1,0,1,0,0,1,0,1,0,1,0,0,1,1,292,232,20260721_t1530_srsSmooth_training_B003,96,76,18.2033452272415,1.58859181404114,1,1,45,1,1,0,0,1,1
20260721_t1530_srsSmooth_training,srs_smooth_training,trial0339.mat,339,339,292,3,115,96,104,84,20,8,2,1,5,2,41,27558,2,0,1,2,2,2,2,2,1,1,CHOSE_LOW_SAL,2,455,1,0,0,0,1,0,33,155,155,33,-122,33,1,180,204.64549661919,345.35450338081,24.6454966191901,165.35450338081,-140.70900676162,140.70900676162,NaN,NaN,NaN,1784663384.20073,19997.20928988,1.45583391189575,0.0111610889434814,0.0118536949157715,0.544899702072144,0.561183452606201,0.8201744556427,0.869855165481567,0.869855165481567,-1,-1,1.12199807167053,0.692605972290039,258.991003036499,49.6807098388672,308.671712875366,Congruent,Right,Left,Right,Left,Left,0,1,1,0,1,1,1,0,0,0,0,1,1,1,0,0,0,0,1,293,233,20260721_t1530_srsSmooth_training_B003,97,77,18.2636087735494,1.57777881622314,2,1,185,1,1,0,0,1,1
20260721_t1530_srsSmooth_training,srs_smooth_training,trial0340.mat,340,340,293,3,116,97,104,84,20,8,2,1,6,2,54,25746,2,0,2,1,2,1,2,1,0,0,,0,11,0,1,0,0,1,0,59,184,184,59,-125,NaN,1,0,26.0495170736355,163.950482926365,26.0495170736355,163.950482926365,-137.900965852729,137.900965852729,NaN,NaN,NaN,1784663387.26338,20000.27176696,0.0666739940643311,0.0152966976165771,0.0164072513580322,-1,-1,-1,-1,-1,-1,-1,-1,1.11055374145508,NaN,NaN,NaN,Congruent,Left,Right,None,Right,Right,0,1,1,0,0,NaN,NaN,NaN,NaN,NaN,NaN,NaN,NaN,0,1,1,0,0,0,293,NaN,20260721_t1530_srsSmooth_training_B003,NaN,NaN,18.3146529515584,1.60681676864624,NaN,NaN,NaN,0,NaN,NaN,NaN,NaN,0
20260721_t1530_srsSmooth_training,srs_smooth_training,trial0341.mat,341,341,293,3,117,97,104,84,20,8,2,2,8,2,89,10501,2,0,2,1,2,1,1,2,0,0,,0,454,0,1,0,0,1,0,31,186,186,31,-155,NaN,1,0,167.943999840661,22.0560001593391,167.943999840661,22.0560001593391,145.887999681322,145.887999681322,NaN,NaN,NaN,1784663388.80953,20001.81781024,1.2968168258667,0.0192158222198486,0.161581039428711,0.919840097427368,0.935918092727661,1.21178030967712,-1,-1,-1,-1,-1,142.365217208862,275.862216949463,NaN,NaN,Conflict,Left,Right,None,Right,Left,0,1,0,1,0,NaN,NaN,NaN,NaN,NaN,NaN,NaN,NaN,0,1,0,0,1,0,293,NaN,20260721_t1530_srsSmooth_training_B003,NaN,NaN,18.340421962738,1.47946667671204,NaN,NaN,NaN,0,NaN,NaN,NaN,NaN,0
20260721_t1530_srsSmooth_training,srs_smooth_training,trial0342.mat,342,342,293,3,118,97,104,84,20,8,2,2,8,2,93,31792,2,0,2,1,2,1,1,2,2,1,CHOSE_LOW_SAL,2,455,1,0,0,0,1,0,45,192,192,45,-147,192,1,180,281.122758636343,268.877241363657,101.122758636343,88.8772413636569,12.2455172726861,12.2455172726861,NaN,NaN,NaN,1784663391.50776,20004.51611296,1.82484698295593,0.0127480030059814,0.221912622451782,0.821830272674561,0.837779998779297,1.0550491809845,1.09693145751953,1.09693145751953,-1,-1,1.33230304718018,209.164619445801,217.2691822052,41.8822765350342,259.151458740234,Conflict,Left,Right,Right,Right,Left,0,1,0,1,1,1,0,1,0,0,1,0,1,0,1,0,0,1,1,294,234,20260721_t1530_srsSmooth_training_B003,98,78,18.385392610232,1.40142202377319,1,1,33,1,1,0,0,1,1
20260721_t1530_srsSmooth_training,srs_smooth_training,trial0343.mat,343,343,294,3,119,98,104,84,20,8,2,1,6,2,54,25746,2,0,2,1,2,1,2,1,2,1,CHOSE_HIGH_SAL,1,455,1,0,0,0,1,0,44,187,187,44,-143,187,1,180,191.48661162532,358.51338837468,11.4866116253199,178.51338837468,-167.02677674936,167.02677674936,NaN,NaN,NaN,1784663394.94452,20007.9526932,1.76343154907227,0.0177910327911377,0.0189156532287598,0.685135841369629,0.701149940490723,0.943256378173828,0.993779420852661,0.993779420852661,-1,-1,1.27954339981079,1.12462043762207,242.106437683105,50.523042678833,292.629480361938,Congruent,Left,Right,Right,Right,Right,0,1,1,0,1,1,0,1,1,0,1,0,0,0,1,1,0,0,1,295,235,20260721_t1530_srsSmooth_training_B003,99,79,18.4426718910535,1.61190986633301,2,1,192,1,0,0,1,1,1
20260721_t1530_srsSmooth_training,srs_smooth_training,trial0344.mat,344,344,295,3,120,99,104,84,20,8,2,2,7,2,68,2753,2,0,1,2,2,2,1,1,1,1,CHOSE_HIGH_SAL,1,455,1,0,0,0,1,0,31,161,161,31,-130,31,1,0,118.546558805344,71.4534411946565,118.546558805344,71.4534411946565,47.093117610687,47.093117610687,NaN,NaN,NaN,1784663398.31977,20011.32794188,1.85484099388123,0.0176734924316406,0.217976570129395,0.909906625747681,0.926041126251221,1.15996670722961,1.2100043296814,1.2100043296814,-1,-1,1.52084684371948,200.303077697754,233.925580978394,50.0376224517822,283.963203430176,Conflict,Right,Left,Right,Left,Right,0,1,0,1,1,1,1,0,1,0,0,1,0,1,0,1,0,1,1,296,236,20260721_t1530_srsSmooth_training_B003,100,80,18.4989260395368,1.61181735992432,2,1,187,1,1,0,0,1,1
20260721_t1530_srsSmooth_training,srs_smooth_training,trial0345.mat,345,345,296,3,121,100,104,84,20,8,2,1,5,2,31,17545,2,0,1,2,2,2,2,2,2,2,CHOSE_HIGH_SAL,1,455,1,0,0,0,1,0,41,170,170,41,-129,170,1,0,12.3506363248608,177.649363675139,12.3506363248608,177.649363675139,-165.298727350278,165.298727350278,NaN,NaN,NaN,1784663401.74696,20014.7550458,1.86048054695129,0.0156121253967285,0.250672817230225,0.808088541030884,0.82397723197937,1.08323287963867,1.1244752407074,1.1244752407074,-1,-1,1.39297866821289,235.060691833496,259.255647659302,41.2423610687256,300.498008728027,Congruent,Right,Left,Left,Left,Left,0,1,1,0,1,0,0,1,1,1,1,0,0,1,0,0,0,0,1,297,237,20260721_t1530_srsSmooth_training_B003,101,81,18.5560459256172,1.57235217094421,1,1,31,1,1,1,0,0,1
20260721_t1530_srsSmooth_training,srs_smooth_training,trial0346.mat,346,346,297,3,122,101,104,84,20,8,2,2,8,2,86,15645,2,0,2,1,2,1,1,2,1,2,CHOSE_HIGH_SAL,1,455,1,0,0,0,1,0,18,152,152,18,-134,18,1,180,353.625390273202,196.374609726798,173.625390273202,16.3746097267981,157.250780546404,157.250780546404,NaN,NaN,NaN,1784663405.17955,20018.18759008,1.79438853263855,0.0164952278137207,0.250322103500366,0.858912706375122,0.874862194061279,1.12570810317993,1.16704773902893,1.16704773902893,-1,-1,1.47698855400085,233.826875686646,250.845909118652,41.339635848999,292.185544967651,Conflict,Left,Right,Left,Right,Left,0,1,0,1,1,0,1,0,1,1,0,1,0,0,1,0,0,1,1,298,238,20260721_t1530_srsSmooth_training_B003,102,82,18.6132556557655,1.57210326194763,2,2,170,1,1,0,0,1,1
20260721_t1530_srsSmooth_training,srs_smooth_training,trial0347.mat,347,347,298,3,123,102,104,84,20,8,2,2,7,2,64,16870,2,0,1,2,2,2,1,1,1,1,CHOSE_HIGH_SAL,1,455,1,0,0,0,1,0,22,188,188,22,-166,22,1,0,102.024167297241,87.9758327027591,102.024167297241,87.9758327027591,14.0483345944818,14.0483345944818,NaN,NaN,NaN,1784663408.56996,20021.5779296,1.68739295005798,0.0178773403167725,0.0190660953521729,0.760154724121094,0.776240348815918,1.01845479011536,1.06839156150818,1.06839156150818,-1,-1,1.36178994178772,1.18875503540039,242.214441299438,49.9367713928223,292.151212692261,Conflict,Right,Left,Right,Left,Right,0,1,0,1,1,1,1,0,1,0,0,1,0,1,0,1,0,1,1,299,239,20260721_t1530_srsSmooth_training_B003,103,83,18.6697625915209,1.59602761268616,1,2,18,1,0,1,1,0,1
20260721_t1530_srsSmooth_training,srs_smooth_training,trial0348.mat,348,348,299,3,124,103,104,84,20,8,2,2,8,2,89,10501,2,0,2,1,2,1,1,2,1,2,CHOSE_HIGH_SAL,1,455,1,0,0,0,1,0,30,192,192,30,-162,30,1,180,354.827816258376,195.172183741624,174.827816258376,15.1721837416244,159.655632516751,159.655632516751,NaN,NaN,NaN,1784663411.8128,20024.82081152,1.74477434158325,0.0168347358703613,0.242317676544189,0.909389019012451,0.925203800201416,1.11766600608826,1.15935134887695,1.15935134887695,-1,-1,1.41090559959412,225.482940673828,192.462205886841,41.6853427886963,234.147548675537,Conflict,Left,Right,Left,Right,Left,0,1,0,1,1,0,1,0,1,1,0,1,0,0,1,0,0,1,1,300,240,20260721_t1530_srsSmooth_training_B003,104,84,18.7238098502159,1.55544257164001,1,1,22,1,0,1,1,0,1
20260721_t1530_srsSmooth_training,srs_smooth_training,trial0349.mat,349,349,300,4,1,0,96,76,20,8,1,0,3,1,12,13353,1,2,2,1,1,2,2,1,2,1,SINGLE_T2_CORRECT,11,455,1,0,0,0,1,0,179,39,179,39,140,39,1,180,190,0,10,180,-170,170,NaN,NaN,NaN,1784663415.13819,20028.146007,1.92802906036377,0.016575813293457,0.225358009338379,0.992023229598999,1.00828170776367,1.22540378570557,1.27540636062622,1.27540636062622,-1,-1,1.5858268737793,208.782196044922,217.122077941895,50.0025749206543,267.124652862549,Instruction,Left,Right,Right,Left,Right,1,0,0,0,0,NaN,NaN,NaN,NaN,NaN,NaN,NaN,NaN,0,0,1,1,0,0,301,NaN,20260721_t1530_srsSmooth_training_B004,1,NaN,18.7792329788208,1.58061337471008,NaN,NaN,NaN,0,NaN,NaN,NaN,NaN,0
20260721_t1530_srsSmooth_training,srs_smooth_training,trial0350.mat,350,350,301,4,2,1,96,76,20,8,1,0,1,1,2,13903,1,1,1,2,1,1,1,1,0,0,,0,454,0,1,0,0,1,0,158,51,158,51,107,NaN,1,0,180,10,180,10,170,170,NaN,NaN,NaN,1784663418.65963,20031.66745568,1.23103952407837,0.0119402408599854,0.245991230010986,0.87108039855957,0.886974096298218,1.14611673355103,-1,-1,-1,-1,-1,234.050989151001,259.142637252808,NaN,NaN,Instruction,Right,Left,None,Right,Right,1,0,0,0,0,NaN,NaN,NaN,NaN,NaN,NaN,NaN,NaN,1,1,1,1,1,0,301,NaN,20260721_t1530_srsSmooth_training_B004,NaN,NaN,18.8379236419996,1.59341073036194,NaN,NaN,NaN,0,NaN,NaN,NaN,NaN,0
20260721_t1530_srsSmooth_training,srs_smooth_training,trial0351.mat,351,351,301,4,3,1,96,76,20,8,1,0,4,1,16,89,1,2,1,2,1,1,2,2,2,2,SINGLE_T2_CORRECT,11,455,1,0,0,0,1,0,191,54,191,54,137,54,1,0,10,180,10,180,-170,170,NaN,NaN,NaN,1784663421.31904,20034.3268186,1.67210841178894,0.0109655857086182,0.0116627216339111,0.720032453536987,0.735993385314941,1.00340270996094,1.05297160148621,1.05297160148621,-1,-1,1.32149815559387,0.697135925292969,267.409324645996,49.5688915252686,316.978216171265,Instruction,Right,Left,Left,Right,Left,1,0,0,0,0,NaN,NaN,NaN,NaN,NaN,NaN,NaN,NaN,1,1,0,1,0,0,302,NaN,20260721_t1530_srsSmooth_training_B004,2,NaN,18.8822471698125,1.4283721446991,NaN,NaN,NaN,0,NaN,NaN,NaN,NaN,0
20260721_t1530_srsSmooth_training,srs_smooth_training,trial0352.mat,352,352,302,4,4,2,96,76,20,8,1,0,1,1,3,5059,1,1,1,2,1,1,1,1,1,1,SINGLE_T1_CORRECT,10,455,1,0,0,0,1,0,152,21,152,21,131,152,1,0,180,10,180,10,170,170,NaN,NaN,NaN,1784663424.55016,20037.5577984,1.75801515579224,0.0132999420166016,0.0141985416412354,0.622073888778687,0.638323783874512,0.972102165222168,1.0221266746521,1.0221266746521,-1,-1,1.30720567703247,0.898599624633789,333.778381347656,50.0245094299316,383.802890777588,Instruction,Right,Left,Right,Right,Right,1,0,0,0,0,NaN,NaN,NaN,NaN,NaN,NaN,NaN,NaN,1,1,1,1,1,0,303,NaN,20260721_t1530_srsSmooth_training_B004,3,NaN,18.9360992471377,1.55901622772217,NaN,NaN,NaN,0,NaN,NaN,NaN,NaN,0
20260721_t1530_srsSmooth_training,srs_smooth_training,trial0353.mat,353,353,303,4,5,3,96,76,20,8,1,0,3,1,15,26176,1,2,2,1,1,2,2,1,2,1,SINGLE_T2_CORRECT,11,455,1,0,0,0,1,0,169,60,169,60,109,60,1,180,190,0,10,180,-170,170,NaN,NaN,NaN,1784663427.88497,20040.89239476,1.89892625808716,0.0119516849517822,0.29595685005188,0.962714910507202,0.978655815124512,1.22076272964478,1.26273465156555,1.26273465156555,-1,-1,1.53952765464783,284.005165100098,242.106914520264,41.9719219207764,284.07883644104,Instruction,Left,Right,Right,Left,Right,1,0,0,0,0,NaN,NaN,NaN,NaN,NaN,NaN,NaN,NaN,0,0,1,1,0,0,304,NaN,20260721_t1530_srsSmooth_training_B004,4,NaN,18.9916794339816,1.57679605484009,NaN,NaN,NaN,0,NaN,NaN,NaN,NaN,0
20260721_t1530_srsSmooth_training,srs_smooth_training,trial0354.mat,354,354,304,4,6,4,96,76,20,8,1,0,3,1,13,30789,1,2,2,1,1,2,2,1,2,1,SINGLE_T2_CORRECT,11,455,1,0,0,0,1,0,180,71,180,71,109,71,1,180,190,0,10,180,-170,170,NaN,NaN,NaN,1784663431.36959,20044.37718552,1.68831825256348,0.0108006000518799,0.21173882484436,0.811514377593994,0.827498912811279,1.02803611755371,1.08629655838013,1.08629655838013,-1,-1,1.32151699066162,200.93822479248,200.537204742432,58.260440826416,258.797645568848,Instruction,Left,Right,Right,Left,Right,1,0,0,0,0,NaN,NaN,NaN,NaN,NaN,NaN,NaN,NaN,0,0,1,1,0,0,305,NaN,20260721_t1530_srsSmooth_training_B004,5,NaN,19.0497564315796,1.58569359779358,NaN,NaN,NaN,0,NaN,NaN,NaN,NaN,0
20260721_t1530_srsSmooth_training,srs_smooth_training,trial0355.mat,355,355,305,4,7,5,96,76,20,8,1,0,4,1,19,7281,1,2,1,2,1,1,2,2,2,2,SINGLE_T2_CORRECT,11,455,1,0,0,0,1,0,183,43,183,43,140,43,1,180,190,0,10,180,-170,170,NaN,NaN,NaN,1784663434.63837,20047.64574692,1.67932176589966,0.0171554088592529,0.192611932754517,0.717772722244263,0.733849287033081,0.992794036865234,1.04278755187988,1.04278755187988,-1,-1,1.33660793304443,175.456523895264,258.944749832153,49.9935150146484,308.938264846802,Instruction,Right,Left,Left,Right,Left,1,0,0,0,0,NaN,NaN,NaN,NaN,NaN,NaN,NaN,NaN,1,1,0,1,0,0,306,NaN,20260721_t1530_srsSmooth_training_B004,6,NaN,19.1042359908422,1.58045530319214,NaN,NaN,NaN,0,NaN,NaN,NaN,NaN,0
20260721_t1530_srsSmooth_training,srs_smooth_training,trial0356.mat,356,356,306,4,8,6,96,76,20,8,1,0,2,1,10,4789,1,1,2,1,1,2,1,2,0,0,,0,454,0,1,0,0,1,0,169,40,169,40,129,NaN,1,0,180,10,180,10,170,170,NaN,NaN,NaN,1784663437.89209,20050.89951872,1.30873847007751,0.0135610103607178,0.172364950180054,0.930742025375366,0.946931123733521,1.22251725196838,-1,-1,-1,-1,-1,158.803939819336,275.586128234863,NaN,NaN,Instruction,Left,Right,None,Left,Left,1,0,0,0,0,NaN,NaN,NaN,NaN,NaN,NaN,NaN,NaN,0,0,0,1,1,0,306,NaN,20260721_t1530_srsSmooth_training_B004,NaN,NaN,19.158464662234,1.57439851760864,NaN,NaN,NaN,0,NaN,NaN,NaN,NaN,0
20260721_t1530_srsSmooth_training,srs_smooth_training,trial0357.mat,357,357,306,4,9,6,96,76,20,8,1,0,2,1,7,12989,1,1,2,1,1,2,1,2,1,2,SINGLE_T1_CORRECT,10,455,1,0,0,0,1,0,163,25,163,25,138,163,1,180,0,190,180,10,170,170,NaN,NaN,NaN,1784663440.64079,20053.64813388,2.06824517250061,0.014962911605835,0.265501260757446,0.940534114837646,0.956665992736816,1.25719976425171,1.29881978034973,1.29881978034973,-1,-1,1.60896229743958,250.538349151611,300.533771514893,41.6200160980225,342.153787612915,Instruction,Left,Right,Left,Left,Left,1,0,0,0,0,NaN,NaN,NaN,NaN,NaN,NaN,NaN,NaN,0,0,0,1,1,0,307,NaN,20260721_t1530_srsSmooth_training_B004,7,NaN,19.2042764266332,1.43996739387512,NaN,NaN,NaN,0,NaN,NaN,NaN,NaN,0
20260721_t1530_srsSmooth_training,srs_smooth_training,trial0358.mat,358,358,307,4,10,7,96,76,20,8,1,0,1,1,5,22891,1,1,1,2,1,1,1,1,1,1,SINGLE_T1_CORRECT,10,455,1,0,0,0,1,0,164,17,164,17,147,164,1,0,180,10,180,10,170,170,NaN,NaN,NaN,1784663444.30738,20057.31473688,1.9934196472168,0.0151815414428711,0.215632200241089,0.973958730697632,0.990219354629517,1.23232245445251,1.27397966384888,1.27397966384888,-1,-1,1.52556967735291,200.450658798218,242.103099822998,41.6572093963623,283.76030921936,Instruction,Right,Left,Right,Right,Right,1,0,0,0,0,NaN,NaN,NaN,NaN,NaN,NaN,NaN,NaN,1,1,1,1,1,0,308,NaN,20260721_t1530_srsSmooth_training_B004,8,NaN,19.2653862873713,1.5983464717865,NaN,NaN,NaN,0,NaN,NaN,NaN,NaN,0
20260721_t1530_srsSmooth_training,srs_smooth_training,trial0359.mat,359,359,308,4,11,8,96,76,20,8,1,0,3,1,14,12903,1,2,2,1,1,2,2,1,2,1,SINGLE_T2_CORRECT,11,455,1,0,0,0,1,0,182,55,182,55,127,55,1,180,190,0,10,180,-170,170,NaN,NaN,NaN,1784663447.87437,20060.88160868,1.94309878349304,0.014998197555542,0.299406051635742,1.01554918289185,1.03170537948608,1.25709867477417,1.31578946113586,1.31578946113586,-1,-1,1.59212422370911,284.4078540802,225.393295288086,58.6907863616943,284.08408164978,Instruction,Left,Right,Right,Left,Right,1,0,0,0,0,NaN,NaN,NaN,NaN,NaN,NaN,NaN,NaN,0,0,1,1,0,0,309,NaN,20260721_t1530_srsSmooth_training_B004,9,NaN,19.3248360912005,1.57356858253479,NaN,NaN,NaN,0,NaN,NaN,NaN,NaN,0
20260721_t1530_srsSmooth_training,srs_smooth_training,trial0360.mat,360,360,309,4,12,9,96,76,20,8,1,0,4,1,17,17078,1,2,1,2,1,1,2,2,2,2,SINGLE_T2_CORRECT,11,455,1,0,0,0,1,0,162,24,162,24,138,24,1,0,10,180,10,180,-170,170,NaN,NaN,NaN,1784663451.3933,20064.40050412,1.73234558105469,0.0128753185272217,0.238308668136597,0.854928493499756,0.871241331100464,1.09674549102783,1.14666080474854,1.14666080474854,-1,-1,1.40673398971558,225.433349609375,225.504159927368,49.9153137207031,275.419473648071,Instruction,Right,Left,Left,Right,Left,1,0,0,0,0,NaN,NaN,NaN,NaN,NaN,NaN,NaN,NaN,1,1,0,1,0,0,310,NaN,20260721_t1530_srsSmooth_training_B004,10,NaN,19.3834848880768,1.57582902908325,NaN,NaN,NaN,0,NaN,NaN,NaN,NaN,0
20260721_t1530_srsSmooth_training,srs_smooth_training,trial0361.mat,361,361,310,4,13,10,96,76,20,8,1,0,2,1,6,22421,1,1,2,1,1,2,1,2,1,2,SINGLE_T1_CORRECT,10,455,1,0,0,0,1,0,189,39,189,39,150,189,1,180,0,190,180,10,170,170,NaN,NaN,NaN,1784663454.6913,20067.69835488,2.11798143386841,0.0150065422058105,0.232302904129028,0.948881387710571,0.965043306350708,1.27391505241394,1.31565070152283,1.31565070152283,-1,-1,1.62588024139404,217.296361923218,308.871746063232,41.7356491088867,350.607395172119,Instruction,Left,Right,Left,Left,Left,1,0,0,0,0,NaN,NaN,NaN,NaN,NaN,NaN,NaN,NaN,0,0,0,1,1,0,311,NaN,20260721_t1530_srsSmooth_training_B004,11,NaN,19.4384515206019,1.56565237045288,NaN,NaN,NaN,0,NaN,NaN,NaN,NaN,0
20260721_t1530_srsSmooth_training,srs_smooth_training,trial0362.mat,362,362,311,4,14,11,96,76,20,8,1,0,1,1,1,31620,1,1,1,2,1,1,1,1,1,1,SINGLE_T1_CORRECT,10,455,1,0,0,0,1,0,198,60,198,60,138,198,1,180,0,190,180,10,170,170,NaN,NaN,NaN,1784663458.39859,20071.40555096,1.97828054428101,0.0161974430084229,0.133315324783325,0.925038576126099,0.941233396530151,1.20845341682434,1.25839972496033,1.25839972496033,-1,-1,1.47763895988464,117.117881774902,267.220020294189,49.9463081359863,317.166328430176,Instruction,Right,Left,Right,Right,Right,1,0,0,0,0,NaN,NaN,NaN,NaN,NaN,NaN,NaN,NaN,1,1,1,1,1,0,312,NaN,20260721_t1530_srsSmooth_training_B004,12,NaN,19.5002396384875,1.58930563926697,NaN,NaN,NaN,0,NaN,NaN,NaN,NaN,0
20260721_t1530_srsSmooth_training,srs_smooth_training,trial0363.mat,363,363,312,4,15,12,96,76,20,8,1,0,2,1,8,32469,1,1,2,1,1,2,1,2,1,2,SINGLE_T1_CORRECT,10,455,1,0,0,0,1,0,181,60,181,60,121,181,1,0,180,10,180,10,170,170,NaN,NaN,NaN,1784663461.93734,20074.9441474,2.03950047492981,0.0109124183654785,0.270137310028076,0.986392259597778,1.0026171207428,1.26990818977356,1.32011914253235,1.32011914253235,-1,-1,1.5552339553833,259.224891662598,267.291069030762,50.2109527587891,317.502021789551,Instruction,Left,Right,Left,Left,Left,1,0,0,0,0,NaN,NaN,NaN,NaN,NaN,NaN,NaN,NaN,0,0,0,1,1,0,313,NaN,20260721_t1530_srsSmooth_training_B004,13,NaN,19.5592189232508,1.56047654151917,NaN,NaN,NaN,0,NaN,NaN,NaN,NaN,0
20260721_t1530_srsSmooth_training,srs_smooth_training,trial0364.mat,364,364,313,4,16,13,96,76,20,8,1,0,1,1,2,13903,1,1,1,2,1,1,1,1,1,1,SINGLE_T1_CORRECT,10,455,1,0,0,0,1,0,197,31,197,31,166,197,1,180,0,190,180,10,170,170,NaN,NaN,NaN,1784663465.52211,20078.52896,2.01350426673889,0.0179519653320312,0.310192823410034,0.976783752441406,0.992990016937256,1.18523526191711,1.22683715820312,1.22683715820312,-1,-1,1.51234436035156,292.240858078003,192.245244979858,41.6018962860107,233.847141265869,Instruction,Right,Left,Right,Right,Right,1,0,0,0,0,NaN,NaN,NaN,NaN,NaN,NaN,NaN,NaN,1,1,1,1,1,0,314,NaN,20260721_t1530_srsSmooth_training_B004,14,NaN,19.6189650456111,1.54526686668396,NaN,NaN,NaN,0,NaN,NaN,NaN,NaN,0
20260721_t1530_srsSmooth_training,srs_smooth_training,trial0365.mat,365,365,314,4,17,14,96,76,20,8,1,0,2,1,10,4789,1,1,2,1,1,2,1,2,1,2,SINGLE_T1_CORRECT,10,455,1,0,0,0,1,0,168,35,168,35,133,168,1,180,0,190,180,10,170,170,NaN,NaN,NaN,1784663469.10119,20082.10794392,1.80101132392883,0.0140092372894287,0.248051166534424,0.781432151794434,0.797373294830322,1.0314838886261,1.08146715164185,1.08146715164185,-1,-1,1.33408379554749,234.041929244995,234.110593795776,49.9832630157471,284.093856811523,Instruction,Left,Right,Left,Left,Left,1,0,0,0,0,NaN,NaN,NaN,NaN,NaN,NaN,NaN,NaN,0,0,0,1,1,0,315,NaN,20260721_t1530_srsSmooth_training_B004,15,NaN,19.678616420428,1.56557822227478,NaN,NaN,NaN,0,NaN,NaN,NaN,NaN,0
20260721_t1530_srsSmooth_training,srs_smooth_training,trial0366.mat,366,366,315,4,18,15,96,76,20,8,1,0,4,1,18,23311,1,2,1,2,1,1,2,2,2,2,SINGLE_T2_CORRECT,11,455,1,0,0,0,1,0,157,54,157,54,103,54,1,0,10,180,10,180,-170,170,NaN,NaN,NaN,1784663472.48778,20085.49456924,1.5059802532196,0.0108907222747803,0.0118930339813232,0.627938032150269,0.644248485565186,0.886423110961914,0.928149461746216,0.928149461746216,-1,-1,1.1554388999939,1.00231170654297,242.174625396729,41.7263507843018,283.90097618103,Instruction,Right,Left,Left,Right,Left,1,0,0,0,0,NaN,NaN,NaN,NaN,NaN,NaN,NaN,NaN,1,1,0,1,0,0,316,NaN,20260721_t1530_srsSmooth_training_B004,16,NaN,19.7350594997406,1.58557343482971,NaN,NaN,NaN,0,NaN,NaN,NaN,NaN,0
20260721_t1530_srsSmooth_training,srs_smooth_training,trial0367.mat,367,367,316,4,19,16,96,76,20,8,1,0,1,1,4,32421,1,1,1,2,1,1,1,1,1,1,SINGLE_T1_CORRECT,10,455,1,0,0,0,1,0,145,37,145,37,108,145,1,0,180,10,180,10,170,170,NaN,NaN,NaN,1784663475.58908,20088.595766,1.87957906723022,0.0180463790893555,0.210609197616577,0.810439586639404,0.826411485671997,1.08543276786804,1.12721538543701,1.12721538543701,-1,-1,1.43818521499634,192.562818527222,259.021282196045,41.7826175689697,300.803899765015,Instruction,Right,Left,Right,Right,Right,1,0,0,0,0,NaN,NaN,NaN,NaN,NaN,NaN,NaN,NaN,1,1,1,1,1,0,317,NaN,20260721_t1530_srsSmooth_training_B004,17,NaN,19.7867478211721,1.59531903266907,NaN,NaN,NaN,0,NaN,NaN,NaN,NaN,0
20260721_t1530_srsSmooth_training,srs_smooth_training,trial0368.mat,368,368,317,4,20,17,96,76,20,8,1,0,3,1,11,14228,1,2,2,1,1,2,2,1,0,0,,0,11,0,1,0,0,1,0,161,32,161,32,129,NaN,1,180,190,0,10,180,-170,170,NaN,NaN,NaN,1784663479.0693,20092.07580532,1.09022283554077,0.0129554271697998,0.0139954090118408,0.797132968902588,0.812986373901367,1.01344966888428,-1,-1,-1,-1,-1,1.03998184204102,200.46329498291,NaN,NaN,Instruction,Left,Right,None,Left,Right,1,0,0,0,0,NaN,NaN,NaN,NaN,NaN,NaN,NaN,NaN,0,0,1,1,0,0,317,NaN,20260721_t1530_srsSmooth_training_B004,NaN,NaN,19.8447516004244,1.60064768791199,NaN,NaN,NaN,0,NaN,NaN,NaN,NaN,0
20260721_t1530_srsSmooth_training,srs_smooth_training,trial0369.mat,369,369,317,4,21,17,96,76,20,8,1,0,3,1,11,14228,1,2,2,1,1,2,2,1,2,1,SINGLE_T2_CORRECT,11,455,1,0,0,0,1,0,166,35,166,35,131,35,1,0,10,180,10,180,-170,170,NaN,NaN,NaN,1784663481.68437,20094.69075856,1.75124573707581,0.0146608352661133,0.240311861038208,0.815595388412476,0.83135986328125,1.05727458000183,1.10693907737732,1.10693907737732,-1,-1,1.41801857948303,225.651025772095,225.914716720581,49.6644973754883,275.579214096069,Instruction,Left,Right,Right,Left,Right,1,0,0,0,0,NaN,NaN,NaN,NaN,NaN,NaN,NaN,NaN,0,0,1,1,0,0,318,NaN,20260721_t1530_srsSmooth_training_B004,18,NaN,19.888335998853,1.52484107017517,NaN,NaN,NaN,0,NaN,NaN,NaN,NaN,0
20260721_t1530_srsSmooth_training,srs_smooth_training,trial0370.mat,370,370,318,4,22,18,96,76,20,8,1,0,4,1,20,9462,1,2,1,2,1,1,2,2,2,2,SINGLE_T2_CORRECT,11,455,1,0,0,0,1,0,201,38,201,38,163,38,1,180,190,0,10,180,-170,170,NaN,NaN,NaN,1784663484.99323,20097.99976504,1.58368897438049,0.0142643451690674,0.0647118091583252,0.698291063308716,0.714291095733643,0.981478929519653,1.02301573753357,1.02301573753357,-1,-1,1.2495698928833,50.4474639892578,267.187833786011,41.536808013916,308.724641799927,Instruction,Right,Left,Left,Right,Left,1,0,0,0,0,NaN,NaN,NaN,NaN,NaN,NaN,NaN,NaN,1,1,0,1,0,0,319,NaN,20260721_t1530_srsSmooth_training_B004,19,NaN,19.9434836745262,1.55761480331421,NaN,NaN,NaN,0,NaN,NaN,NaN,NaN,0
20260721_t1530_srsSmooth_training,srs_smooth_training,trial0371.mat,371,371,319,4,23,19,96,76,20,8,1,0,2,1,9,29816,1,1,2,1,1,2,1,2,1,2,SINGLE_T1_CORRECT,10,455,1,0,0,0,1,0,175,14,175,14,161,175,1,180,0,190,180,10,170,170,NaN,NaN,NaN,1784663488.14547,20101.15195356,1.59867882728577,0.0121400356292725,0.013035774230957,0.521118879318237,0.537161111831665,0.779619216918945,0.821209669113159,0.821209669113159,-1,-1,1.12265586853027,0.89573860168457,242.45810508728,41.5904521942139,284.048557281494,Instruction,Left,Right,Left,Left,Left,1,0,0,0,0,NaN,NaN,NaN,NaN,NaN,NaN,NaN,NaN,0,0,0,1,1,0,320,NaN,20260721_t1530_srsSmooth_training_B004,20,NaN,19.9960211237272,1.56855797767639,NaN,NaN,NaN,0,NaN,NaN,NaN,NaN,0
20260721_t1530_srsSmooth_training,srs_smooth_training,trial0372.mat,372,372,320,4,24,20,96,76,20,8,1,2,8,2,85,3831,2,0,2,1,1,2,2,1,1,2,CHOSE_LOW_SAL,2,455,1,0,0,0,1,0,173,22,173,22,151,173,1,0,77.2597933264678,112.740206673532,77.2597933264678,112.740206673532,-35.4804133470644,35.4804133470644,NaN,NaN,NaN,1784663491.30488,20104.3112712,2.0558500289917,0.0111901760101318,0.278342485427856,0.986647844314575,1.00289583206177,1.29496622085571,1.34499192237854,1.34499192237854,-1,-1,1.58011245727539,267.152309417725,292.070388793945,50.0257015228271,342.096090316772,Conflict,Left,Right,Left,Left,Right,0,1,0,1,1,0,1,1,0,1,0,0,1,0,0,1,1,0,1,321,241,20260721_t1530_srsSmooth_training_B004,21,1,20.0486779093742,1.5607283115387,1,2,30,0,0,0,1,1,1
20260721_t1530_srsSmooth_training,srs_smooth_training,trial0373.mat,373,373,321,4,25,21,96,76,20,8,1,1,6,2,49,14816,2,0,2,1,1,2,1,2,1,2,CHOSE_HIGH_SAL,1,455,1,0,0,0,1,0,166,39,166,39,127,166,1,0,178.232068928857,11.7679310711429,178.232068928857,11.7679310711429,166.464137857714,166.464137857714,NaN,NaN,NaN,1784663494.94199,20107.9482938,1.66165113449097,0.0158936977386475,0.0166749954223633,0.632947444915771,0.649251461029053,0.874710083007812,0.924996376037598,0.924996376037598,-1,-1,1.19316411018372,0.78129768371582,225.45862197876,50.2862930297852,275.744915008545,Congruent,Left,Right,Left,Left,Left,0,1,1,0,1,0,1,1,1,1,0,0,0,0,0,0,1,1,1,322,242,20260721_t1530_srsSmooth_training_B004,22,2,20.1092963496844,1.58125638961792,1,2,173,1,0,0,1,1,1
20260721_t1530_srsSmooth_training,srs_smooth_training,trial0374.mat,374,374,322,4,26,22,96,76,20,8,1,2,7,2,67,19904,2,0,1,2,1,1,2,2,2,2,CHOSE_HIGH_SAL,1,455,1,0,0,0,1,0,184,68,184,68,116,68,1,0,76.5109020720027,113.489097927997,76.5109020720028,113.489097927997,-36.9781958559945,36.9781958559945,NaN,NaN,NaN,1784663498.19172,20111.19803956,1.67758178710938,0.0162901878356934,0.199964761734009,0.708291530609131,0.716316938400269,0.974957942962646,1.01660990715027,1.01660990715027,-1,-1,1.31023120880127,183.674573898315,258.641004562378,41.6519641876221,300.29296875,Conflict,Right,Left,Left,Right,Left,0,1,0,1,1,0,0,0,1,1,1,1,0,1,1,0,1,0,1,323,243,20260721_t1530_srsSmooth_training_B004,23,3,20.1634585420291,1.58808040618896,1,2,166,1,1,0,0,1,1
20260721_t1530_srsSmooth_training,srs_smooth_training,trial0375.mat,375,375,323,4,27,23,96,76,20,8,1,2,8,2,79,32054,2,0,2,1,1,2,2,1,1,2,CHOSE_LOW_SAL,2,455,1,0,0,0,1,0,193,54,193,54,139,193,1,0,63.1756811594991,126.824318840501,63.1756811594991,126.824318840501,-63.6486376810019,63.6486376810019,NaN,NaN,NaN,1784663501.45535,20114.46133856,1.88177967071533,0.0111250877380371,0.0119822025299072,0.811623573303223,0.827824115753174,1.05323481559753,1.10318446159363,1.10318446159363,-1,-1,1.38873028755188,0.857114791870117,225.41069984436,49.9496459960938,275.360345840454,Conflict,Left,Right,Left,Left,Right,0,1,0,1,1,0,1,1,0,1,0,0,1,0,0,1,1,0,1,324,244,20260721_t1530_srsSmooth_training_B004,24,4,20.217852306366,1.58604407310486,2,2,68,1,1,0,0,1,1
20260721_t1530_srsSmooth_training,srs_smooth_training,trial0376.mat,376,376,324,4,28,24,96,76,20,8,1,1,5,2,37,31940,2,0,1,2,1,1,1,1,0,0,,0,454,0,1,0,0,1,0,167,37,167,37,130,NaN,1,180,336.860456122779,213.139543877221,156.860456122779,33.1395438772214,123.720912245557,123.720912245557,NaN,NaN,NaN,1784663504.9197,20117.92586512,1.16636109352112,0.013575553894043,0.239012956619263,0.805765151977539,0.821940183639526,1.08092451095581,-1,-1,-1,-1,-1,225.43740272522,258.984327316284,NaN,NaN,Congruent,Right,Left,None,Right,Right,0,1,1,0,0,NaN,NaN,NaN,NaN,NaN,NaN,NaN,NaN,1,1,1,1,1,0,324,NaN,20260721_t1530_srsSmooth_training_B004,NaN,NaN,20.2755915204684,1.5825731754303,NaN,NaN,NaN,0,NaN,NaN,NaN,NaN,0
20260721_t1530_srsSmooth_training,srs_smooth_training,trial0378.mat,378,378,324,4,30,24,96,76,20,8,1,1,6,2,58,6001,2,0,2,1,1,2,1,2,1,2,CHOSE_HIGH_SAL,1,455,1,0,0,0,1,0,181,32,181,32,149,181,1,180,354.619420542137,195.380579457863,174.619420542137,15.380579457863,159.238841084274,159.238841084274,NaN,NaN,NaN,1784663509.30755,20122.31357432,1.67924904823303,0.0175607204437256,0.201372146606445,0.709752082824707,0.725921392440796,0.926403522491455,0.976713418960571,0.976713418960571,-1,-1,1.19598650932312,183.81142616272,200.482130050659,50.3098964691162,250.792026519775,Congruent,Left,Right,Left,Left,Left,0,1,1,0,1,0,1,1,1,1,0,0,0,0,0,0,1,1,1,325,245,20260721_t1530_srsSmooth_training_B004,25,5,20.3487224340439,3.2214937210083,1,2,193,1,0,0,1,1,1
20260721_t1530_srsSmooth_training,srs_smooth_training,trial0379.mat,379,379,325,4,31,25,96,76,20,8,1,1,5,2,24,21580,2,0,1,2,1,1,1,1,2,2,CHOSE_LOW_SAL,2,455,1,0,0,0,1,0,164,25,164,25,139,25,1,0,103.060742528452,86.9392574715478,103.060742528452,86.9392574715478,16.1214850569044,16.1214850569044,NaN,NaN,NaN,1784663512.54244,20125.54832944,1.6194281578064,0.016132116317749,0.20867919921875,0.733550786972046,0.749495267868042,0.950234413146973,1.00003480911255,1.00003480911255,-1,-1,1.29376006126404,192.547082901001,200.739145278931,49.8003959655762,250.539541244507,Congruent,Right,Left,Left,Right,Right,0,1,1,0,1,0,0,0,0,1,1,1,1,1,1,1,1,1,1,326,246,20260721_t1530_srsSmooth_training_B004,26,6,20.4026372432709,1.55563950538635,1,2,181,1,1,0,0,1,1
20260721_t1530_srsSmooth_training,srs_smooth_training,trial0380.mat,380,380,326,4,32,26,96,76,20,8,1,1,6,2,52,25358,2,0,2,1,1,2,1,2,1,2,CHOSE_HIGH_SAL,1,455,1,0,0,0,1,0,145,48,145,48,97,145,1,0,105.045199231137,84.9548007688631,105.045199231137,84.9548007688632,20.0903984622737,20.0903984622737,NaN,NaN,NaN,1784663515.7815,20128.7872112,1.83085322380066,0.0188686847686768,0.236013412475586,0.836207389831543,0.852234601974487,1.0780930519104,1.1198673248291,1.1198673248291,-1,-1,1.38795614242554,217.144727706909,225.858449935913,41.7742729187012,267.632722854614,Congruent,Left,Right,Left,Left,Left,0,1,1,0,1,0,1,1,1,1,0,0,0,0,0,0,1,1,1,327,247,20260721_t1530_srsSmooth_training_B004,27,7,20.4566215515137,1.61963033676147,2,2,25,1,1,0,0,1,1
20260721_t1530_srsSmooth_training,srs_smooth_training,trial0381.mat,381,381,327,4,33,27,96,76,20,8,1,2,8,2,87,22249,2,0,2,1,1,2,2,1,2,1,CHOSE_HIGH_SAL,1,455,1,0,0,0,1,0,166,25,166,25,141,25,1,180,196.011293769483,353.988706230517,16.0112937694827,173.988706230517,-157.977412461035,157.977412461035,NaN,NaN,NaN,1784663519.17642,20132.1822414,1.828045129776,0.0157482624053955,0.249910354614258,0.866610765457153,0.882449150085449,1.19162011146545,1.24131679534912,1.24131679534912,-1,-1,1.50249075889587,234.162092208862,309.170961380005,49.696683883667,358.867645263672,Conflict,Left,Right,Right,Left,Right,0,1,0,1,1,1,0,0,1,0,1,1,0,0,0,1,1,0,1,328,248,20260721_t1530_srsSmooth_training_B004,28,8,20.5132035573324,1.56406712532043,1,2,145,1,1,1,0,0,1
20260721_t1530_srsSmooth_training,srs_smooth_training,trial0382.mat,382,382,328,4,34,28,96,76,20,8,1,2,8,2,88,14487,2,0,2,1,1,2,2,1,0,0,,0,454,0,1,0,0,1,0,180,58,180,58,122,NaN,1,180,193.860238719196,356.139761280804,13.8602387191958,176.139761280804,-162.279522561608,162.279522561608,NaN,NaN,NaN,1784663522.58483,20135.5904484,1.27712869644165,0.0158030986785889,0.241488695144653,0.933081388473511,0.949172973632812,1.19160676002502,-1,-1,-1,-1,-1,225.685596466064,242.433786392212,NaN,NaN,Conflict,Left,Right,None,Left,Right,0,1,0,1,0,NaN,NaN,NaN,NaN,NaN,NaN,NaN,NaN,0,0,1,1,0,0,328,NaN,20260721_t1530_srsSmooth_training_B004,NaN,NaN,20.5700104435285,1.58036804199219,NaN,NaN,NaN,0,NaN,NaN,NaN,NaN,0
20260721_t1530_srsSmooth_training,srs_smooth_training,trial0383.mat,383,383,328,4,35,28,96,76,20,8,1,2,8,2,91,17494,2,0,2,1,1,2,2,1,1,2,CHOSE_LOW_SAL,2,455,1,0,0,0,1,0,207,39,207,39,168,207,1,180,233.711373897263,316.288626102737,53.7113738972629,136.288626102737,-82.5772522054743,82.5772522054743,NaN,NaN,NaN,1784663525.30994,20138.31554712,1.88605284690857,0.0158078670501709,0.307916641235352,0.816528797149658,0.832506656646729,1.08315396308899,1.12471771240234,1.12471771240234,-1,-1,1.37677121162415,292.108774185181,250.647306442261,41.5637493133545,292.211055755615,Conflict,Left,Right,Left,Left,Right,0,1,0,1,1,0,1,1,0,1,0,0,1,0,0,1,1,0,1,329,249,20260721_t1530_srsSmooth_training_B004,29,9,20.6154288132985,1.44797348976135,2,1,25,1,1,1,0,0,1
20260721_t1530_srsSmooth_training,srs_smooth_training,trial0384.mat,384,384,329,4,36,29,96,76,20,8,1,1,6,2,45,18366,2,0,2,1,1,2,1,2,1,2,CHOSE_HIGH_SAL,1,455,1,0,0,0,1,0,173,73,173,73,100,173,1,180,312.732683492953,237.267316507047,132.732683492953,57.2673165070468,75.4653669859065,75.4653669859065,NaN,NaN,NaN,1784663528.78817,20141.79377876,1.99927091598511,0.0127096176147461,0.213408946990967,1.01324105262756,1.02941679954529,1.26327395439148,1.30493545532227,1.30493545532227,-1,-1,1.52394962310791,200.699329376221,233.857154846191,41.6615009307861,275.518655776978,Congruent,Left,Right,Left,Left,Left,0,1,1,0,1,0,1,1,1,1,0,0,0,0,0,0,1,1,1,330,250,20260721_t1530_srsSmooth_training_B004,30,10,20.6733993967374,1.59218215942383,1,2,207,1,0,0,1,1,1
20260721_t1530_srsSmooth_training,srs_smooth_training,trial0385.mat,385,385,330,4,37,30,96,76,20,8,1,2,7,2,75,26351,2,0,1,2,1,1,2,2,2,2,CHOSE_HIGH_SAL,1,455,1,0,0,0,1,0,156,29,156,29,127,29,1,180,217.147876678943,332.852123321057,37.1478766789435,152.852123321057,-115.704246642113,115.704246642113,NaN,NaN,NaN,1784663532.3333,20145.33882284,1.67100381851196,0.0177228450775146,0.235217571258545,0.768363952636719,0.784420013427734,1.0018458366394,1.05182576179504,1.05182576179504,-1,-1,1.34517550468445,217.49472618103,217.42582321167,49.9799251556396,267.40574836731,Conflict,Right,Left,Left,Right,Left,0,1,0,1,1,0,0,0,1,1,1,1,0,1,1,0,1,0,1,331,251,20260721_t1530_srsSmooth_training_B004,31,11,20.7324848453204,1.54585599899292,1,2,173,1,1,0,0,1,1
20260721_t1530_srsSmooth_training,srs_smooth_training,trial0386.mat,386,386,331,4,38,31,96,76,20,8,1,2,7,2,72,30531,2,0,1,2,1,1,2,2,2,2,CHOSE_HIGH_SAL,1,455,1,0,0,0,1,0,169,12,169,12,157,12,1,180,236.269725105394,313.730274894606,56.2697251053939,133.730274894606,-77.4605497892121,77.4605497892121,NaN,NaN,NaN,1784663535.60086,20148.60624,1.87907695770264,0.0169579982757568,0.284209489822388,0.959123373031616,0.975328683853149,1.21760153770447,1.2591712474823,1.2591712474823,-1,-1,1.56966423988342,267.251491546631,242.272853851318,41.569709777832,283.84256362915,Conflict,Right,Left,Left,Right,Left,0,1,0,1,1,0,0,0,1,1,1,1,0,1,1,0,1,0,1,332,252,20260721_t1530_srsSmooth_training_B004,32,12,20.7869441787402,1.59655618667603,2,2,29,1,0,0,1,1,1
20260721_t1530_srsSmooth_training,srs_smooth_training,trial0387.mat,387,387,332,4,39,32,96,76,20,8,1,1,5,2,21,26331,2,0,1,2,1,1,1,1,2,2,CHOSE_LOW_SAL,2,455,1,0,0,0,1,0,199,51,199,51,148,51,1,0,109.613462181303,80.3865378186974,109.613462181303,80.3865378186974,29.2269243626051,29.2269243626051,NaN,NaN,NaN,1784663539.08687,20152.09223468,1.94260573387146,0.0144209861755371,0.264863014221191,1.03166055679321,1.04779505729675,1.30660676956177,1.35661435127258,1.35661435127258,-1,-1,1.59184432029724,250.442028045654,258.811712265015,50.0075817108154,308.81929397583,Congruent,Right,Left,Left,Right,Right,0,1,1,0,1,0,0,0,0,1,1,1,1,1,1,1,1,1,1,333,253,20260721_t1530_srsSmooth_training_B004,33,13,20.8450443108877,1.60693097114563,2,2,12,1,0,0,1,1,1
20260721_t1530_srsSmooth_training,srs_smooth_training,trial0388.mat,388,388,333,4,40,33,96,76,20,8,1,2,7,2,71,6065,2,0,1,2,1,1,2,2,2,2,CHOSE_HIGH_SAL,1,455,1,0,0,0,1,0,167,44,167,44,123,44,1,180,197.407686140388,352.592313859612,17.4076861403877,172.592313859612,-155.184627719225,155.184627719225,NaN,NaN,NaN,1784663542.59214,20155.59740756,1.72947454452515,0.0176167488098145,0.284809350967407,0.835012674331665,0.850983858108521,1.10146641731262,1.15173387527466,1.15173387527466,-1,-1,1.387211561203,267.192602157593,250.482559204102,50.2674579620361,300.750017166138,Conflict,Right,Left,Left,Right,Left,0,1,0,1,1,0,0,0,1,1,1,1,0,1,1,0,1,0,1,334,254,20260721_t1530_srsSmooth_training_B004,34,14,20.9034655650457,1.56266951560974,2,2,51,1,0,0,1,1,1
20260721_t1530_srsSmooth_training,srs_smooth_training,trial0391.mat,391,391,334,4,43,34,96,76,20,8,1,1,6,2,53,11882,2,0,2,1,1,2,1,2,2,1,CHOSE_LOW_SAL,2,455,1,0,0,0,1,0,174,44,174,44,130,44,1,0,144.392163299866,45.607836700134,144.392163299866,45.607836700134,98.784326599732,98.784326599732,NaN,NaN,NaN,1784663549.45967,20162.46489648,1.78683853149414,0.0170223712921143,0.259191513061523,0.892631530761719,0.908724546432495,1.14265727996826,1.19267225265503,1.19267225265503,-1,-1,1.4448778629303,242.169141769409,233.932733535767,50.0149726867676,283.947706222534,Congruent,Left,Right,Right,Left,Left,0,1,1,0,1,1,0,0,0,0,1,1,1,0,0,0,1,1,1,335,255,20260721_t1530_srsSmooth_training_B004,35,15,21.0179244200389,5.13805675506592,2,2,44,1,0,1,1,0,1
20260721_t1530_srsSmooth_training,srs_smooth_training,trial0392.mat,392,392,335,4,44,35,96,76,20,8,1,2,7,2,74,22743,2,0,1,2,1,1,2,2,2,2,CHOSE_HIGH_SAL,1,455,1,0,0,0,1,0,166,29,166,29,137,29,1,0,12.9123383694143,177.087661630586,12.9123383694143,177.087661630586,-164.175323261171,164.175323261171,NaN,NaN,NaN,1784663552.8616,20165.86679232,1.92697525024414,0.0152242183685303,0.240749359130859,1.01584815979004,1.03193044662476,1.29926419258118,1.34906554222107,1.34906554222107,-1,-1,1.60113716125488,225.525140762329,267.333745956421,49.8013496398926,317.135095596313,Conflict,Right,Left,Left,Right,Left,0,1,0,1,1,0,0,0,1,1,1,1,0,1,1,0,1,0,1,336,256,20260721_t1530_srsSmooth_training_B004,36,16,21.0746232867241,1.61509346961975,2,1,44,1,0,1,1,0,1
20260721_t1530_srsSmooth_training,srs_smooth_training,trial0394.mat,394,394,336,4,46,36,96,76,20,8,1,2,8,2,96,23767,2,0,2,1,1,2,2,1,2,1,CHOSE_HIGH_SAL,1,455,1,0,0,0,1,0,183,37,183,37,146,37,1,180,264.076364932763,285.923635067237,84.0763649327625,105.923635067237,-21.8472701344749,21.8472701344749,NaN,NaN,NaN,1784663558.11556,20171.12055988,1.78168225288391,0.0114758014678955,0.112075567245483,0.895708084106445,0.911511898040771,1.1289541721344,1.17898941040039,1.17898941040039,-1,-1,1.44692516326904,100.599765777588,217.442274093628,50.0352382659912,267.477512359619,Conflict,Left,Right,Right,Left,Right,0,1,0,1,1,1,0,0,1,0,1,1,0,0,0,1,1,0,1,337,257,20260721_t1530_srsSmooth_training_B004,37,17,21.1621891816457,3.3269784450531,2,2,29,1,0,1,1,0,1
20260721_t1530_srsSmooth_training,srs_smooth_training,trial0408.mat,408,408,337,4,60,37,96,76,20,8,1,1,6,2,40,21924,2,0,2,1,1,2,1,2,2,1,CHOSE_LOW_SAL,2,455,1,0,0,0,1,0,173,26,173,26,147,26,1,180,300.752142997899,249.247857002101,120.752142997899,69.2478570021007,51.5042859957986,51.5042859957986,NaN,NaN,NaN,1784663584.43215,20197.43673324,1.60787343978882,0.0125784873962402,0.213163614273071,0.738093852996826,0.754273653030396,0.980004549026489,1.03002190589905,1.03002190589905,-1,-1,1.28177332878113,200.585126876831,225.730895996094,50.0173568725586,275.748252868652,Congruent,Left,Right,Right,Left,Left,0,1,1,0,1,1,0,0,0,0,1,1,1,0,0,0,1,1,1,338,258,20260721_t1530_srsSmooth_training_B004,38,18,21.6007989684741,24.5349049568176,2,1,37,1,0,0,1,1,1
20260721_t1530_srsSmooth_training,srs_smooth_training,trial0417.mat,417,417,338,4,69,38,96,76,20,8,1,1,5,2,39,30027,2,0,1,2,1,1,1,1,2,2,CHOSE_LOW_SAL,2,455,1,0,0,0,1,0,163,41,163,41,122,41,1,180,315.589665671605,234.410334328395,135.589665671605,54.4103343283955,81.179331343209,81.179331343209,NaN,NaN,NaN,1784663601.6645,20214.66862692,1.80884194374084,0.0142273902893066,0.181394577026367,0.906632900238037,0.922595262527466,1.12334871292114,1.16497039794922,1.16497039794922,-1,-1,1.46638131141663,167.167186737061,200.753450393677,41.6216850280762,242.375135421753,Congruent,Right,Left,Left,Right,Right,0,1,1,0,1,0,0,0,0,1,1,1,1,1,1,1,1,1,1,339,259,20260721_t1530_srsSmooth_training_B004,39,19,21.8880048076312,15.6244769096375,2,1,26,1,0,1,1,0,1
20260721_t1530_srsSmooth_training,srs_smooth_training,trial0418.mat,418,418,339,4,70,39,96,76,20,8,1,1,5,2,25,32350,2,0,1,2,1,1,1,1,1,1,CHOSE_HIGH_SAL,1,455,1,0,0,0,1,0,189,34,189,34,155,189,1,0,105.118589241353,84.881410758647,105.118589241353,84.8814107586471,20.2371784827059,20.2371784827059,NaN,NaN,NaN,1784663605.05653,20218.06066952,2.12589144706726,0.0139884948730469,0.281134605407715,1.07313084602356,1.08902955055237,1.31493210792542,1.36488842964172,1.36488842964172,-1,-1,1.63330388069153,267.146110534668,225.902557373047,49.9563217163086,275.858879089355,Congruent,Right,Left,Right,Right,Right,0,1,1,0,1,1,1,1,1,0,0,0,0,1,1,1,1,1,1,340,260,20260721_t1530_srsSmooth_training_B004,40,20,21.944538752238,1.58319473266602,2,2,41,1,1,1,0,0,1
20260721_t1530_srsSmooth_training,srs_smooth_training,trial0419.mat,419,419,340,4,71,40,96,76,20,8,1,1,6,2,57,6443,2,0,2,1,1,2,1,2,2,1,CHOSE_LOW_SAL,2,455,1,0,0,0,1,0,176,38,176,38,138,38,1,180,358.069868559474,191.930131440526,178.069868559474,11.9301314405261,166.139737118948,166.139737118948,NaN,NaN,NaN,1784663608.76777,20221.771842,1.83106565475464,0.0112235546112061,0.211796760559082,0.88669753074646,0.902924776077271,1.17005586624146,1.21996927261353,1.21996927261353,-1,-1,1.49703645706177,200.573205947876,267.131090164185,49.9134063720703,317.044496536255,Congruent,Left,Right,Right,Left,Left,0,1,1,0,1,1,0,0,0,0,1,1,1,0,0,0,1,1,1,341,261,20260721_t1530_srsSmooth_training_B004,41,21,22.0063927650452,1.58534932136536,1,1,189,1,1,0,0,1,1
20260721_t1530_srsSmooth_training,srs_smooth_training,trial0420.mat,420,420,341,4,72,41,96,76,20,8,1,2,8,2,81,12869,2,0,2,1,1,2,2,1,2,1,CHOSE_HIGH_SAL,1,455,1,0,0,0,1,0,146,52,146,52,94,52,1,180,259.900530642669,290.099469357331,79.9005306426687,110.099469357331,-30.1989387146625,30.1989387146625,NaN,NaN,NaN,1784663612.18179,20225.18563928,1.84225797653198,0.0140089988708496,0.205981254577637,0.922937870025635,0.939043998718262,1.15628123283386,1.19806408882141,1.19806408882141,-1,-1,1.49192452430725,191.972255706787,217.237234115601,41.7828559875488,259.020090103149,Conflict,Left,Right,Right,Left,Right,0,1,0,1,1,1,0,0,1,0,1,1,0,0,0,1,1,0,1,342,262,20260721_t1530_srsSmooth_training_B004,42,22,22.063292992115,1.58294796943665,2,1,38,1,0,0,1,1,1
20260721_t1530_srsSmooth_training,srs_smooth_training,trial0421.mat,421,421,342,4,73,42,96,76,20,8,1,2,7,2,59,22190,2,0,1,2,1,1,2,2,2,2,CHOSE_HIGH_SAL,1,455,1,0,0,0,1,0,180,41,180,41,139,41,1,0,18.1619267167256,171.838073283274,18.1619267167256,171.838073283274,-153.676146566549,153.676146566549,NaN,NaN,NaN,1784663615.61826,20228.62207896,1.88893961906433,0.0193374156951904,0.253093957901001,0.978220701217651,0.994375467300415,1.23639917373657,1.27799391746521,1.27799391746521,-1,-1,1.54683947563171,233.756542205811,242.023706436157,41.5947437286377,283.618450164795,Conflict,Right,Left,Left,Right,Left,0,1,0,1,1,0,0,0,1,1,1,1,0,1,1,0,1,0,1,343,263,20260721_t1530_srsSmooth_training_B004,43,23,22.1205675045649,1.59421277046204,2,1,52,1,0,1,1,0,1
20260721_t1530_srsSmooth_training,srs_smooth_training,trial0422.mat,422,422,343,4,74,43,96,76,20,8,1,1,5,2,38,6776,2,0,1,2,1,1,1,1,1,1,CHOSE_HIGH_SAL,1,455,1,0,0,0,1,0,184,44,184,44,140,184,1,180,311.963213331535,238.036786668465,131.963213331535,58.0367866684651,73.9264266630697,73.9264266630697,NaN,NaN,NaN,1784663619.087,20232.09069504,1.97084355354309,0.0173957347869873,0.226500034332275,0.951342105865479,0.967431306838989,1.20139122009277,1.2514374256134,1.2514374256134,-1,-1,1.48671197891235,209.104299545288,233.959913253784,50.0462055206299,284.006118774414,Congruent,Right,Left,Right,Right,Right,0,1,1,0,1,1,1,1,1,0,0,0,0,1,1,1,1,1,1,344,264,20260721_t1530_srsSmooth_training_B004,44,24,22.1783798853556,1.5798032283783,2,2,41,1,1,1,0,0,1
20260721_t1530_srsSmooth_training,srs_smooth_training,trial0423.mat,423,423,344,4,75,44,96,76,20,8,1,1,6,2,44,3222,2,0,2,1,1,2,1,2,2,1,CHOSE_LOW_SAL,2,455,1,0,0,0,1,0,173,59,173,59,114,59,1,180,320.207180365387,229.792819634613,140.207180365387,49.7928196346132,90.4143607307736,90.4143607307736,NaN,NaN,NaN,1784663622.61627,20235.62009044,1.47479701042175,0.0132582187652588,0.014216423034668,0.530452489852905,0.546612024307251,0.805310487747192,0.847207546234131,0.847207546234131,-1,-1,1.11588764190674,0.95820426940918,258.698463439941,41.8970584869385,300.59552192688,Congruent,Left,Right,Right,Left,Left,0,1,1,0,1,1,0,0,0,0,1,1,1,0,0,0,1,1,1,345,265,20260721_t1530_srsSmooth_training_B004,45,25,22.237201110522,1.55842995643616,1,1,184,1,1,0,0,1,1
20260721_t1530_srsSmooth_training,srs_smooth_training,trial0424.mat,424,424,345,4,76,45,96,76,20,8,1,2,8,2,89,5005,2,0,2,1,1,2,2,1,2,1,CHOSE_HIGH_SAL,1,455,1,0,0,0,1,0,187,92,187,92,95,92,1,180,240.810957249173,309.189042750827,60.8109572491732,129.189042750827,-68.3780855016537,68.3780855016537,NaN,NaN,NaN,1784663625.69576,20238.69939336,1.68722057342529,0.0172195434570312,0.267842531204224,0.776134252548218,0.792249202728271,1.00959801673889,1.05957937240601,1.05957937240601,-1,-1,1.29457879066467,250.622987747192,217.34881401062,49.9813556671143,267.330169677734,Conflict,Left,Right,Right,Left,Right,0,1,0,1,1,1,0,0,1,0,1,1,0,0,0,1,1,0,1,346,266,20260721_t1530_srsSmooth_training_B004,46,26,22.2885259548823,1.60469365119934,2,1,59,1,0,0,1,1,1
20260721_t1530_srsSmooth_training,srs_smooth_training,trial0425.mat,425,425,346,4,77,46,96,76,20,8,1,2,8,2,83,25410,2,0,2,1,1,2,2,1,2,1,CHOSE_HIGH_SAL,1,455,1,0,0,0,1,0,177,59,177,59,118,59,1,180,201.870707552627,348.129292447373,21.8707075526266,168.129292447373,-146.258584894747,146.258584894747,NaN,NaN,NaN,1784663628.96524,20241.9689494,1.72588419914246,0.0145344734191895,0.0154314041137695,0.748620986938477,0.764563322067261,1.03197407722473,1.09028458595276,1.09028458595276,-1,-1,1.36721849441528,0.896930694580078,267.410755157471,58.3105087280273,325.721263885498,Conflict,Left,Right,Right,Left,Right,0,1,0,1,1,1,0,0,1,0,1,1,0,0,0,1,1,0,1,347,267,20260721_t1530_srsSmooth_training_B004,47,27,22.3430172681808,1.5822582244873,2,1,92,1,0,0,1,1,1
20260721_t1530_srsSmooth_training,srs_smooth_training,trial0426.mat,426,426,347,4,78,47,96,76,20,8,1,2,8,2,78,10764,2,0,2,1,1,2,2,1,2,1,CHOSE_HIGH_SAL,1,455,1,0,0,0,1,0,173,18,173,18,155,18,1,0,82.218576258133,107.781423741867,82.218576258133,107.781423741867,-25.562847483734,25.562847483734,NaN,NaN,NaN,1784663632.26564,20245.2691356,1.44213128089905,0.01426100730896,0.0150830745697021,0.531368017196655,0.547614812850952,0.764700412750244,0.814710855484009,0.814710855484009,-1,-1,1.12523984909058,0.822067260742188,217.085599899292,50.0104427337646,267.096042633057,Conflict,Left,Right,Right,Left,Right,0,1,0,1,1,1,0,0,1,0,1,1,0,0,0,1,1,0,1,348,268,20260721_t1530_srsSmooth_training_B004,48,28,22.39802394708,1.5745165348053,2,1,59,1,0,0,1,1,1
20260721_t1530_srsSmooth_training,srs_smooth_training,trial0427.mat,427,427,348,4,79,48,96,76,20,8,1,2,7,2,68,28843,2,0,1,2,1,1,2,2,0,0,,0,11,0,1,0,0,1,0,182,49,182,49,133,NaN,1,180,250.151682923258,299.848317076742,70.1516829232576,119.848317076742,-49.6966341534849,49.6966341534849,NaN,NaN,NaN,1784663635.27423,20248.27768032,0.116103649139404,0.0141222476959229,0.0646913051605225,-1,-1,-1,-1,-1,-1,-1,-1,50.5690574645996,NaN,NaN,NaN,Conflict,Right,Left,None,Right,Left,0,1,0,1,0,NaN,NaN,NaN,NaN,NaN,NaN,NaN,NaN,1,1,0,1,0,0,348,NaN,20260721_t1530_srsSmooth_training_B004,NaN,NaN,22.4481670935949,1.56645750999451,NaN,NaN,NaN,0,NaN,NaN,NaN,NaN,0
20260721_t1530_srsSmooth_training,srs_smooth_training,trial0428.mat,428,428,348,4,80,48,96,76,20,8,1,2,7,2,70,19629,2,0,1,2,1,1,2,2,0,0,,0,454,0,1,0,0,1,0,186,57,186,57,129,NaN,1,0,19.4746417929006,170.525358207099,19.4746417929006,170.525358207099,-151.050716414199,151.050716414199,NaN,NaN,NaN,1784663636.93576,20249.93925344,1.17174792289734,0.0109958648681641,0.21989631652832,0.778090476989746,0.794358491897583,1.0868878364563,-1,-1,-1,-1,-1,208.900451660156,292.529344558716,NaN,NaN,Conflict,Right,Left,None,Right,Left,0,1,0,1,0,NaN,NaN,NaN,NaN,NaN,NaN,NaN,NaN,1,1,0,1,0,0,348,NaN,20260721_t1530_srsSmooth_training_B004,NaN,NaN,22.4758591651917,1.54542064666748,NaN,NaN,NaN,0,NaN,NaN,NaN,NaN,0
20260721_t1530_srsSmooth_training,srs_smooth_training,trial0429.mat,429,429,348,4,81,48,96,76,20,8,1,2,8,2,82,868,2,0,2,1,1,2,2,1,2,1,CHOSE_HIGH_SAL,1,455,1,0,0,0,1,0,181,48,181,48,133,48,1,180,237.785126735878,312.214873264121,57.7851267358785,132.214873264121,-74.429746528243,74.429746528243,NaN,NaN,NaN,1784663639.5691,20252.57245112,1.75581789016724,0.0110864639282227,0.203367948532104,0.853563070297241,0.869452476501465,1.08689045906067,1.12855792045593,1.12855792045593,-1,-1,1.40512299537659,192.281484603882,217.437982559204,41.6674613952637,259.105443954468,Conflict,Left,Right,Right,Left,Right,0,1,0,1,1,1,0,0,1,0,1,1,0,0,0,1,1,0,1,349,269,20260721_t1530_srsSmooth_training_B004,49,29,22.5197482387225,1.46159648895264,2,1,18,1,0,0,1,1,1
20260721_t1530_srsSmooth_training,srs_smooth_training,trial0430.mat,430,430,349,4,82,49,96,76,20,8,1,2,7,2,61,19735,2,0,1,2,1,1,2,2,1,1,CHOSE_LOW_SAL,2,455,1,0,0,0,1,0,166,45,166,45,121,166,1,0,75.0281747622328,114.971825237767,75.0281747622328,114.971825237767,-39.9436504755344,39.9436504755344,NaN,NaN,NaN,1784663642.88483,20255.8882508,1.8838517665863,0.0121517181396484,0.212823390960693,0.829519033432007,0.845518112182617,1.09590196609497,1.14589643478394,1.14589643478394,-1,-1,1.41438984870911,200.671672821045,250.383853912354,49.9944686889648,300.378322601318,Conflict,Right,Left,Right,Right,Left,0,1,0,1,1,1,1,1,0,0,0,0,1,1,1,0,1,0,1,350,270,20260721_t1530_srsSmooth_training_B004,50,30,22.5750103950501,1.55991148948669,2,1,48,1,1,0,0,1,1
20260721_t1530_srsSmooth_training,srs_smooth_training,trial0432.mat,432,432,350,4,84,50,96,76,20,8,1,1,6,2,43,23509,2,0,2,1,1,2,1,2,2,1,CHOSE_LOW_SAL,2,455,1,0,0,0,1,0,186,41,186,41,145,41,1,0,134.565767688205,55.4342323117955,134.565767688205,55.4342323117955,79.1315353764091,79.1315353764091,NaN,NaN,NaN,1784663648.17251,20261.17575796,1.4277675151825,0.0163416862487793,0.0170049667358398,0.533439874649048,0.549695730209351,0.808620929718018,0.858615875244141,0.858615875244141,-1,-1,1.08519744873047,0.663280487060547,258.925199508667,49.994945526123,308.92014503479,Congruent,Left,Right,Right,Left,Left,0,1,1,0,1,1,0,0,0,0,1,1,1,0,0,0,1,1,1,351,271,20260721_t1530_srsSmooth_training_B004,51,31,22.6631384332975,3.40383052825928,1,1,166,1,1,0,0,1,1
20260721_t1530_srsSmooth_training,srs_smooth_training,trial0433.mat,433,433,351,4,85,51,96,76,20,8,1,1,5,2,29,6594,2,0,1,2,1,1,1,1,1,1,CHOSE_HIGH_SAL,1,455,1,0,0,0,1,0,175,37,175,37,138,175,1,180,338.22619602733,211.77380397267,158.22619602733,31.7738039726703,126.452392054659,126.452392054659,NaN,NaN,NaN,1784663651.17468,20264.17786692,1.90076684951782,0.0142936706542969,0.239807844161987,0.889907121658325,0.905994415283203,1.12312531471252,1.1731960773468,1.1731960773468,-1,-1,1.42498540878296,225.51417350769,217.130899429321,50.0707626342773,267.201662063599,Congruent,Right,Left,Right,Right,Right,0,1,1,0,1,1,1,1,1,0,0,0,0,1,1,1,1,1,1,352,272,20260721_t1530_srsSmooth_training_B004,52,32,22.7131745020549,1.57439661026001,2,1,41,1,1,0,0,1,1
20260721_t1530_srsSmooth_training,srs_smooth_training,trial0434.mat,434,434,352,4,86,52,96,76,20,8,1,2,7,2,76,12441,2,0,1,2,1,1,2,2,1,1,CHOSE_LOW_SAL,2,455,1,0,0,0,1,0,180,51,180,51,129,180,1,180,256.612695782498,293.387304217502,76.6126957824976,113.387304217502,-36.7746084350049,36.7746084350049,NaN,NaN,NaN,1784663654.64939,20267.65244036,1.55970430374146,0.014718770980835,0.015594482421875,0.556865453720093,0.573073625564575,0.806983232498169,0.85690712928772,0.85690712928772,-1,-1,1.07537627220154,0.875711441040039,233.909606933594,49.9238967895508,283.833503723145,Conflict,Right,Left,Right,Right,Left,0,1,0,1,1,1,1,1,0,0,0,0,1,1,1,0,1,0,1,353,273,20260721_t1530_srsSmooth_training_B004,53,33,22.7710863312085,1.57394289970398,1,1,175,1,0,0,1,1,1
20260721_t1530_srsSmooth_training,srs_smooth_training,trial0435.mat,435,435,353,4,87,53,96,76,20,8,1,1,5,2,36,3815,2,0,1,2,1,1,1,1,1,1,CHOSE_HIGH_SAL,1,455,1,0,0,0,1,0,180,42,180,42,138,180,1,0,103.897979645175,86.1020203548253,103.897979645175,86.1020203548253,17.7959592903494,17.7959592903494,NaN,NaN,NaN,1784663657.76611,20270.76915732,2.00156903266907,0.0147807598114014,0.223616600036621,1.00701427459717,1.02315282821655,1.22365188598633,1.27362847328186,1.27362847328186,-1,-1,1.5170202255249,208.83584022522,200.499057769775,49.9765872955322,250.475645065308,Congruent,Right,Left,Right,Right,Right,0,1,1,0,1,1,1,1,1,0,0,0,0,1,1,1,1,1,1,354,274,20260721_t1530_srsSmooth_training_B004,54,34,22.8230317632357,1.5570216178894,1,1,180,1,0,0,1,1,1
20260721_t1530_srsSmooth_training,srs_smooth_training,trial0436.mat,436,436,354,4,88,54,96,76,20,8,1,2,7,2,63,19085,2,0,1,2,1,1,2,2,1,1,CHOSE_LOW_SAL,2,455,1,0,0,0,1,0,161,60,161,60,101,161,1,0,42.9254878081622,147.074512191838,42.9254878081622,147.074512191838,-104.149024383676,104.149024383676,NaN,NaN,NaN,1784663661.33114,20274.3338788,1.75317525863647,0.0165586471557617,0.2091224193573,0.759242534637451,0.774921417236328,1.02568578720093,1.07568526268005,1.07568526268005,-1,-1,1.29453063011169,192.563772201538,250.7643699646,49.999475479126,300.763845443726,Conflict,Right,Left,Right,Right,Left,0,1,0,1,1,1,1,1,0,0,0,0,1,1,1,0,1,0,1,355,275,20260721_t1530_srsSmooth_training_B004,55,35,22.8824488838514,1.56345820426941,1,1,180,1,0,0,1,1,1
20260721_t1530_srsSmooth_training,srs_smooth_training,trial0437.mat,437,437,355,4,89,55,96,76,20,8,1,2,7,2,60,29395,2,0,1,2,1,1,2,2,1,1,CHOSE_LOW_SAL,2,455,1,0,0,0,1,0,161,44,161,44,117,161,1,0,93.977794440053,96.022205559947,93.977794440053,96.022205559947,-2.04441111989399,2.04441111989399,NaN,NaN,NaN,1784663664.67125,20277.67398256,1.8549120426178,0.0182490348815918,0.177149534225464,0.760564804077148,0.776610851287842,1.02734994888306,1.08584022521973,1.08584022521973,-1,-1,1.39594125747681,158.900499343872,250.739097595215,58.4902763366699,309.229373931885,Conflict,Right,Left,Right,Right,Left,0,1,0,1,1,1,1,1,0,0,0,0,1,1,1,0,1,0,1,356,276,20260721_t1530_srsSmooth_training_B004,56,36,22.9381173292796,1.58693146705627,1,1,161,1,0,0,1,1,1
20260721_t1530_srsSmooth_training,srs_smooth_training,trial0439.mat,439,439,356,4,91,56,96,76,20,8,1,1,6,2,41,7358,2,0,2,1,1,2,1,2,2,1,CHOSE_LOW_SAL,2,455,1,0,0,0,1,0,178,58,178,58,120,58,1,180,327.802145058946,222.197854941054,147.802145058946,42.1978549410539,105.604290117892,105.604290117892,NaN,NaN,NaN,1784663669.92277,20282.92564332,1.7951180934906,0.0169322490692139,0.192450284957886,0.934064865112305,0.950302124023438,1.16745758056641,1.21746373176575,1.21746373176575,-1,-1,1.43601250648499,175.518035888672,217.155456542969,50.0061511993408,267.16160774231,Congruent,Left,Right,Right,Left,Left,0,1,1,0,1,1,0,0,0,0,1,1,1,0,0,0,1,1,1,357,277,20260721_t1530_srsSmooth_training_B004,57,37,23.0256426731745,3.39660859107971,1,1,161,1,1,0,0,1,1
20260721_t1530_srsSmooth_training,srs_smooth_training,trial0440.mat,440,440,357,4,92,57,96,76,20,8,1,2,7,2,73,21619,2,0,1,2,1,1,2,2,1,1,CHOSE_LOW_SAL,2,455,1,0,0,0,1,0,167,53,167,53,114,167,1,0,81.3288261783273,108.671173821673,81.3288261783273,108.671173821673,-27.3423476433454,27.3423476433454,NaN,NaN,NaN,1784663673.30323,20286.30595384,1.73973703384399,0.0116007328033447,0.0124564170837402,0.77046012878418,0.786630392074585,1.00376963615417,1.05377125740051,1.05377125740051,-1,-1,1.27226066589355,0.855684280395508,217.13924407959,50.0016212463379,267.140865325928,Conflict,Right,Left,Right,Right,Left,0,1,0,1,1,1,1,1,0,0,0,0,1,1,1,0,1,0,1,358,278,20260721_t1530_srsSmooth_training_B004,58,38,23.0819837172826,1.58534455299377,2,1,58,1,1,0,0,1,1
20260721_t1530_srsSmooth_training,srs_smooth_training,trial0442.mat,442,442,358,4,94,58,96,76,20,8,1,2,8,2,80,8037,2,0,2,1,1,2,2,1,2,1,CHOSE_HIGH_SAL,1,455,1,0,0,0,1,0,182,26,182,26,156,26,1,180,232.213391120418,317.786608879582,52.2133911204184,137.786608879582,-85.5732177591631,85.5732177591631,NaN,NaN,NaN,1784663678.40009,20291.40257944,1.60170149803162,0.0149402618408203,0.215492963790894,0.757186412811279,0.773303270339966,0.990316390991211,1.04049825668335,1.04049825668335,-1,-1,1.2755024433136,200.552701950073,217.013120651245,50.1818656921387,267.194986343384,Conflict,Left,Right,Right,Left,Right,0,1,0,1,1,1,0,0,1,0,1,1,0,0,0,1,1,0,1,359,279,20260721_t1530_srsSmooth_training_B004,59,39,23.1669313748678,3.35712242126465,1,1,167,1,1,0,0,1,1
20260721_t1530_srsSmooth_training,srs_smooth_training,trial0443.mat,443,443,359,4,95,59,96,76,20,8,1,1,6,2,47,7181,2,0,2,1,1,2,1,2,2,1,CHOSE_LOW_SAL,2,455,1,0,0,0,1,0,174,51,174,51,123,51,1,180,310.102318943041,239.897681056959,130.102318943041,59.8976810569587,70.2046378860826,70.2046378860826,NaN,NaN,NaN,1784663681.64457,20294.64701844,1.77337050437927,0.0122501850128174,0.237682104110718,0.871131181716919,0.887284517288208,1.13811063766479,1.18774390220642,1.18774390220642,-1,-1,1.42289447784424,225.4319190979,250.826120376587,49.633264541626,300.459384918213,Congruent,Left,Right,Right,Left,Left,0,1,1,0,1,1,0,0,0,0,1,1,1,0,0,0,1,1,1,360,280,20260721_t1530_srsSmooth_training_B004,60,40,23.2210060874621,1.64278125762939,2,1,26,1,0,0,1,1,1
20260721_t1530_srsSmooth_training,srs_smooth_training,trial0444.mat,444,444,360,4,96,60,96,76,20,8,1,1,5,2,23,26595,2,0,1,2,1,1,1,1,1,1,CHOSE_HIGH_SAL,1,455,1,0,0,0,1,0,198,38,198,38,160,198,1,0,96.4757289412817,93.5242710587183,96.4757289412817,93.5242710587183,2.95145788256332,2.95145788256332,NaN,NaN,NaN,1784663684.98499,20297.98751776,1.89225888252258,0.0136270523071289,0.0144672393798828,0.789182424545288,0.805324077606201,1.06425499916077,1.1142566204071,1.1142566204071,-1,-1,1.39126563072205,0.840187072753906,258.930921554565,50.0016212463379,308.932542800903,Congruent,Right,Left,Right,Right,Right,0,1,1,0,1,1,1,1,1,0,0,0,0,1,1,1,1,1,1,361,281,20260721_t1530_srsSmooth_training_B004,61,41,23.2766797622045,1.56704998016357,2,1,51,1,1,0,0,1,1
20260721_t1530_srsSmooth_training,srs_smooth_training,trial0445.mat,445,445,361,4,97,61,96,76,20,8,1,2,7,2,66,22144,2,0,1,2,1,1,2,2,1,1,CHOSE_LOW_SAL,2,455,1,0,0,0,1,0,151,35,151,35,116,151,1,0,52.1591819161817,137.840818083818,52.1591819161817,137.840818083818,-85.6816361676367,85.6816361676367,NaN,NaN,NaN,1784663688.46169,20301.46412208,1.85686182975769,0.0120689868927002,0.237732887268066,0.829260110855103,0.845434904098511,1.09607338905334,1.14621686935425,1.14621686935425,-1,-1,1.40628910064697,225.663900375366,250.638484954834,50.1434803009033,300.781965255737,Conflict,Right,Left,Right,Right,Left,0,1,0,1,1,1,1,1,0,0,0,0,1,1,1,0,1,0,1,362,282,20260721_t1530_srsSmooth_training_B004,62,42,23.3346246441205,1.58443403244019,1,1,198,1,0,0,1,1,1
20260721_t1530_srsSmooth_training,srs_smooth_training,trial0446.mat,446,446,362,4,98,62,96,76,20,8,1,1,5,2,35,29924,2,0,1,2,1,1,1,1,1,1,CHOSE_HIGH_SAL,1,455,1,0,0,0,1,0,172,53,172,53,119,172,1,0,115.038147282847,74.9618527171531,115.038147282847,74.9618527171531,40.0762945656938,40.0762945656938,NaN,NaN,NaN,1784663691.91263,20304.91496804,1.93978452682495,0.019597053527832,0.261982679367065,0.803384304046631,0.81962776184082,1.10352635383606,1.15377068519592,1.15377068519592,-1,-1,1.46377730369568,242.385625839233,283.898591995239,50.2443313598633,334.142923355103,Congruent,Right,Left,Right,Right,Right,0,1,1,0,1,1,1,1,1,0,0,0,0,1,1,1,1,1,1,363,283,20260721_t1530_srsSmooth_training_B004,63,43,23.3921403288841,1.59407925605774,1,1,151,1,0,0,1,1,1
20260721_t1530_srsSmooth_training,srs_smooth_training,trial0447.mat,447,447,363,4,99,63,96,76,20,8,1,2,7,2,69,26402,2,0,1,2,1,1,2,2,1,1,CHOSE_LOW_SAL,2,455,1,0,0,0,1,0,162,63,162,63,99,162,1,0,51.2399535417636,138.760046458236,51.2399535417636,138.760046458236,-87.5200929164728,87.5200929164728,NaN,NaN,NaN,1784663695.49095,20308.49332092,2.58749151229858,0.0164122581481934,0.26714563369751,0.825509309768677,0.841445207595825,1.07536792755127,1.12514686584473,1.12514686584473,-1,-1,1.35349440574646,250.733375549316,233.922719955444,49.778938293457,283.701658248901,Conflict,Right,Left,Right,Right,Left,0,1,0,1,1,1,1,1,0,0,0,0,1,1,1,0,1,0,1,364,284,20260721_t1530_srsSmooth_training_B004,64,44,23.4517790555954,1.63853907585144,1,1,172,1,0,0,1,1,1
20260721_t1530_srsSmooth_training,srs_smooth_training,trial0448.mat,448,448,364,4,100,64,96,76,20,8,1,2,7,2,62,8516,2,0,1,2,1,1,2,2,1,1,CHOSE_LOW_SAL,2,455,1,0,1,0,1,0,177,23,177,23,154,177,1,0,28.3583078341377,161.641692165862,28.3583078341377,161.641692165862,-133.283384331725,133.283384331725,NaN,NaN,NaN,1784663700.43831,20313.44053596,2.58986115455627,0.0109117031097412,0.178045511245728,0.919659614562988,0.93594765663147,1.13629484176636,1.18629312515259,1.18629312515259,-1,-1,1.42143964767456,167.133808135986,200.347185134888,49.9982833862305,250.345468521118,Conflict,Right,Left,Right,Right,Left,0,1,0,1,1,1,1,1,0,0,0,0,1,1,1,0,1,0,1,365,285,20260721_t1530_srsSmooth_training_B004,65,45,23.5342350681623,2.35986924171448,1,1,162,1,0,0,1,1,1
20260721_t1530_srsSmooth_training,srs_smooth_training,trial0450.mat,450,450,365,4,102,65,96,76,20,8,1,1,6,2,54,23442,2,0,2,1,1,2,1,2,2,1,CHOSE_LOW_SAL,2,455,1,0,0,0,1,0,169,57,169,57,112,57,1,0,176.434466445434,13.5655335545657,176.434466445434,13.5655335545657,162.868932890869,162.868932890869,NaN,NaN,NaN,1784663706.96385,20319.96591624,2.43917417526245,0.0189568996429443,0.235988616943359,0.936157703399658,0.952327251434326,1.2447657585144,1.29433679580688,1.29433679580688,-1,-1,1.52951097488403,217.031717300415,292.438507080078,49.5710372924805,342.009544372559,Congruent,Left,Right,Right,Left,Left,0,1,1,0,1,1,0,0,0,0,1,1,1,0,0,0,1,1,1,366,286,20260721_t1530_srsSmooth_training_B004,66,46,23.6429941256841,3.93568229675293,1,1,177,1,1,0,0,1,1
20260721_t1530_srsSmooth_training,srs_smooth_training,trial0451.mat,451,451,366,4,103,66,96,76,20,8,1,2,7,2,70,19629,2,0,1,2,1,1,2,2,0,0,,0,11,0,1,0,0,1,0,162,35,162,35,127,NaN,1,180,260.566035076772,289.433964923228,80.5660350767717,109.433964923228,-28.8679298464566,28.8679298464566,NaN,NaN,NaN,1784663710.99999,20324.00188592,1.17726588249207,0.01631760597229,0.2084059715271,0.866806983947754,0.883017778396606,1.10017585754395,-1,-1,-1,-1,-1,192.08836555481,217.158079147339,NaN,NaN,Conflict,Right,Left,None,Right,Left,0,1,0,1,0,NaN,NaN,NaN,NaN,NaN,NaN,NaN,NaN,1,1,0,1,0,0,366,NaN,20260721_t1530_srsSmooth_training_B004,NaN,NaN,23.710262966156,1.59695625305176,NaN,NaN,NaN,0,NaN,NaN,NaN,NaN,0
20260721_t1530_srsSmooth_training,srs_smooth_training,trial0452.mat,452,452,366,4,104,66,96,76,20,8,1,1,5,2,32,22269,2,0,1,2,1,1,1,1,1,1,CHOSE_HIGH_SAL,1,455,1,0,0,0,1,0,188,38,188,38,150,188,1,180,322.200083882156,227.799916117844,142.200083882156,47.7999161178439,94.4001677643123,94.4001677643123,NaN,NaN,NaN,1784663713.66448,20326.66643332,1.80473756790161,0.0185976028442383,0.160735845565796,0.760775566101074,0.776960372924805,1.03599715232849,1.0857629776001,1.0857629776001,-1,-1,1.32101082801819,142.138242721558,259.036779403687,49.7658252716064,308.802604675293,Congruent,Right,Left,Right,Right,Right,0,1,1,0,1,1,1,1,1,0,0,0,0,1,1,1,1,1,1,367,287,20260721_t1530_srsSmooth_training_B004,67,47,23.7546711524328,1.48722529411316,2,1,57,1,1,0,0,1,1
20260721_t1530_srsSmooth_training,srs_smooth_training,trial0453.mat,453,453,367,4,105,67,96,76,20,8,1,1,6,2,48,21856,2,0,2,1,1,2,1,2,2,1,CHOSE_LOW_SAL,2,455,1,0,0,0,1,0,131,41,131,41,90,41,1,0,97.6737077286396,92.3262922713604,97.6737077286396,92.3262922713604,5.34741545727911,5.34741545727911,NaN,NaN,NaN,1784663717.02574,20330.02762904,1.66903877258301,0.0157945156097412,0.0165345668792725,0.724799394607544,0.740822553634644,1.02476596832275,1.07460904121399,1.07460904121399,-1,-1,1.32692790031433,0.74005126953125,283.94341468811,49.8430728912354,333.786487579346,Congruent,Left,Right,Right,Left,Left,0,1,1,0,1,1,0,0,0,0,1,1,1,0,0,0,1,1,1,368,288,20260721_t1530_srsSmooth_training_B004,68,48,23.8106922825178,1.55653023719788,1,1,188,1,1,0,0,1,1
20260721_t1530_srsSmooth_training,srs_smooth_training,trial0454.mat,454,454,368,4,106,68,96,76,20,8,1,2,8,2,94,4994,2,0,2,1,1,2,2,1,1,2,CHOSE_LOW_SAL,2,455,1,0,0,0,1,0,140,56,140,56,84,140,1,180,270.354128791217,279.645871208783,90.3541287912168,99.6458712087832,-9.29174241756641,9.29174241756641,NaN,NaN,NaN,1784663720.23491,20333.23674284,1.9182722568512,0.0150847434997559,0.207305908203125,0.932607412338257,0.948454618453979,1.17415642738342,1.22386622428894,1.22386622428894,-1,-1,1.47618126869202,192.221164703369,225.701808929443,49.7097969055176,275.411605834961,Conflict,Left,Right,Left,Left,Right,0,1,0,1,1,0,1,1,0,1,0,0,1,0,0,1,1,0,1,369,289,20260721_t1530_srsSmooth_training_B004,69,49,23.8641784350077,1.5401303768158,2,1,41,1,1,1,0,0,1
20260721_t1530_srsSmooth_training,srs_smooth_training,trial0455.mat,455,455,369,4,107,69,96,76,20,8,1,1,5,2,30,3248,2,0,1,2,1,1,1,1,1,1,CHOSE_HIGH_SAL,1,455,1,0,0,0,1,0,178,40,178,40,138,178,1,180,353.830686204469,196.169313795531,173.830686204469,16.1693137955314,157.661372408937,157.661372408937,NaN,NaN,NaN,1784663723.70243,20336.70412444,1.71755766868591,0.0143656730651855,0.0156309604644775,0.656426906585693,0.672725677490234,0.93156099319458,0.981502532958984,0.981502532958984,-1,-1,1.24162435531616,1.26528739929199,258.835315704346,49.9415397644043,308.77685546875,Congruent,Right,Left,Right,Right,Right,0,1,1,0,1,1,1,1,1,0,0,0,0,1,1,1,1,1,1,370,290,20260721_t1530_srsSmooth_training_B004,70,50,23.9219704469045,1.54924845695496,1,2,140,1,0,1,1,0,1
20260721_t1530_srsSmooth_training,srs_smooth_training,trial0456.mat,456,456,370,4,108,70,96,76,20,8,1,1,5,2,33,10481,2,0,1,2,1,1,1,1,1,1,CHOSE_HIGH_SAL,1,455,1,0,0,0,1,0,188,37,188,37,151,188,1,0,147.166831613138,42.8331683868624,147.166831613138,42.8331683868624,104.333663226275,104.333663226275,NaN,NaN,NaN,1784663726.98329,20339.9848944,1.80343317985535,0.0169675350189209,0.23411750793457,0.792418718338013,0.808665752410889,1.03413128852844,1.08410573005676,1.08410573005676,-1,-1,1.3115131855011,217.149972915649,225.465536117554,49.9744415283203,275.439977645874,Congruent,Right,Left,Right,Right,Right,0,1,1,0,1,1,1,1,1,0,0,0,0,1,1,1,1,1,1,371,291,20260721_t1530_srsSmooth_training_B004,71,51,23.9766514499982,1.56330251693726,1,1,178,1,0,0,1,1,1
20260721_t1530_srsSmooth_training,srs_smooth_training,trial0457.mat,457,457,371,4,109,71,96,76,20,8,1,2,7,2,68,28843,2,0,1,2,1,1,2,2,1,1,CHOSE_LOW_SAL,2,455,1,0,0,0,1,0,172,38,172,38,134,172,1,0,37.8343521915115,152.165647808488,37.8343521915115,152.165647808488,-114.331295616977,114.331295616977,NaN,NaN,NaN,1784663730.33826,20343.33989332,2.09897208213806,0.0121381282806396,0.295962572097778,1.06257581710815,1.0788459777832,1.30426263809204,1.34609246253967,1.34609246253967,-1,-1,1.62274599075317,283.824443817139,225.416660308838,41.8298244476318,267.24648475647,Conflict,Right,Left,Right,Right,Left,0,1,0,1,1,1,1,1,0,0,0,0,1,1,1,0,1,0,1,372,292,20260721_t1530_srsSmooth_training_B004,72,52,24.0325674772263,1.5515284538269,1,1,188,1,0,0,1,1,1
20260721_t1530_srsSmooth_training,srs_smooth_training,trial0458.mat,458,458,372,4,110,72,96,76,20,8,1,2,7,2,65,28453,2,0,1,2,1,1,2,2,1,1,CHOSE_LOW_SAL,2,455,1,0,0,0,1,0,185,43,185,43,142,185,1,0,87.1177525511091,102.882247448891,87.1177525511091,102.882247448891,-15.7644948977818,15.7644948977818,NaN,NaN,NaN,1784663734.0275,20347.0289466,1.89271306991577,0.0147089958190918,0.198694229125977,0.832042217254639,0.848075151443481,1.05709600448608,1.09872388839722,1.09872388839722,-1,-1,1.40859580039978,183.985233306885,209.020853042603,41.6278839111328,250.648736953735,Conflict,Right,Left,Right,Right,Left,0,1,0,1,1,1,1,1,0,0,0,0,1,1,1,0,1,0,1,373,293,20260721_t1530_srsSmooth_training_B004,73,53,24.0940548102061,1.59026789665222,1,1,172,1,0,0,1,1,1
20260721_t1530_srsSmooth_training,srs_smooth_training,trial0459.mat,459,459,373,4,111,73,96,76,20,8,1,1,6,2,55,5156,2,0,2,1,1,2,1,2,2,1,CHOSE_LOW_SAL,2,455,1,0,0,0,1,0,187,53,187,53,134,53,1,180,277.640384209091,272.359615790909,97.6403842090912,92.3596157909088,5.28076841818233,5.28076841818233,NaN,NaN,NaN,1784663737.54453,20350.54602016,1.65921807289124,0.0144832134246826,0.231583833694458,0.781922817230225,0.797847509384155,1.03189706802368,1.08166575431824,1.08166575431824,-1,-1,1.30856227874756,217.100620269775,234.049558639526,49.7686862945557,283.818244934082,Congruent,Left,Right,Right,Left,Left,0,1,1,0,1,1,0,0,0,0,1,1,1,0,0,0,1,1,1,374,294,20260721_t1530_srsSmooth_training_B004,74,54,24.1526719888051,1.62431764602661,1,1,185,1,1,0,0,1,1
20260721_t1530_srsSmooth_training,srs_smooth_training,trial0460.mat,460,460,374,4,112,74,96,76,20,8,1,2,8,2,84,14563,2,0,2,1,1,2,2,1,2,1,CHOSE_HIGH_SAL,1,455,1,0,0,0,1,0,168,60,168,60,108,60,1,180,218.149172476215,331.850827523785,38.1491724762153,151.850827523785,-113.701655047569,113.701655047569,NaN,NaN,NaN,1784663740.79248,20353.79394792,1.75271320343018,0.0166556835174561,0.275390625,0.792048931121826,0.808352470397949,1.05040431022644,1.09206891059875,1.09206891059875,-1,-1,1.39376831054688,258.734941482544,242.051839828491,41.6646003723145,283.716440200806,Conflict,Left,Right,Right,Left,Right,0,1,0,1,1,1,0,0,1,0,1,1,0,0,0,1,1,0,1,375,295,20260721_t1530_srsSmooth_training_B004,75,55,24.2068045854568,1.58873772621155,2,1,53,1,0,0,1,1,1
20260721_t1530_srsSmooth_training,srs_smooth_training,trial0461.mat,461,461,375,4,113,75,96,76,20,8,1,2,8,2,90,10202,2,0,2,1,1,2,2,1,2,1,CHOSE_HIGH_SAL,1,455,1,0,0,0,1,0,188,50,188,50,138,50,1,0,12.2582490150759,177.741750984924,12.2582490150759,177.741750984924,-165.483501969848,165.483501969848,NaN,NaN,NaN,1784663744.11139,20357.11268372,1.74235963821411,0.0145435333251953,0.198256015777588,0.798280239105225,0.814574480056763,1.04007530212402,1.090012550354,1.090012550354,-1,-1,1.39248991012573,183.712482452393,225.500822067261,49.9372482299805,275.438070297241,Conflict,Left,Right,Right,Left,Right,0,1,0,1,1,1,0,0,1,0,1,1,0,0,0,1,1,0,1,376,296,20260721_t1530_srsSmooth_training_B004,76,56,24.2621197382609,1.56619596481323,2,1,60,1,0,0,1,1,1
20260721_t1530_srsSmooth_training,srs_smooth_training,trial0462.mat,462,462,376,4,114,76,96,76,20,8,1,1,6,2,51,15327,2,0,2,1,1,2,1,2,1,2,CHOSE_HIGH_SAL,1,455,1,0,0,0,1,0,163,58,163,58,105,163,1,0,100.129479020507,89.8705209794928,100.129479020507,89.8705209794928,10.2589580410144,10.2589580410144,NaN,NaN,NaN,1784663747.41224,20360.41338504,1.6332151889801,0.0138227939605713,0.0151679515838623,0.539504528045654,0.555510997772217,0.831398248672485,0.87290358543396,0.87290358543396,-1,-1,1.17468357086182,1.34515762329102,275.887250900269,41.5053367614746,317.392587661743,Congruent,Left,Right,Left,Left,Left,0,1,1,0,1,0,1,1,1,1,0,0,0,0,0,0,1,1,1,377,297,20260721_t1530_srsSmooth_training_B004,77,57,24.3171338955561,1.55848979949951,2,1,50,1,1,1,0,0,1
20260721_t1530_srsSmooth_training,srs_smooth_training,trial0463.mat,463,463,377,4,115,77,96,76,20,8,1,2,8,2,93,29209,2,0,2,1,1,2,2,1,1,2,CHOSE_LOW_SAL,2,455,1,0,0,0,1,0,190,42,190,42,148,190,1,180,226.625737157629,323.374262842371,46.625737157629,143.374262842371,-96.7485256847419,96.7485256847419,NaN,NaN,NaN,1784663750.60721,20363.6084196,2.03850722312927,0.0189778804779053,0.261096477508545,0.977787256240845,0.994016170501709,1.2194676399231,1.26113414764404,1.26113414764404,-1,-1,1.5464403629303,242.11859703064,225.451469421387,41.6665077209473,267.117977142334,Conflict,Left,Right,Left,Left,Right,0,1,0,1,1,0,1,1,0,1,0,0,1,0,0,1,1,0,1,378,298,20260721_t1530_srsSmooth_training_B004,78,58,24.3703834096591,1.56175565719604,1,2,163,1,0,0,1,1,1
20260721_t1530_srsSmooth_training,srs_smooth_training,trial0464.mat,464,464,378,4,116,78,96,76,20,8,1,2,7,2,77,8188,2,0,1,2,1,1,2,2,2,2,CHOSE_HIGH_SAL,1,455,1,0,0,0,1,0,172,45,172,45,127,45,1,180,192.245620924637,357.754379075363,12.2456209246367,177.754379075363,-165.508758150727,165.508758150727,NaN,NaN,NaN,1784663754.21442,20367.2155578,1.73988723754883,0.0119154453277588,0.287278890609741,0.887306690216064,0.903616189956665,1.12904906272888,1.17093324661255,1.17093324661255,-1,-1,1.39760732650757,275.363445281982,225.432872772217,41.884183883667,267.317056655884,Conflict,Right,Left,Left,Right,Left,0,1,0,1,1,0,0,0,1,1,1,1,0,1,1,0,1,0,1,379,299,20260721_t1530_srsSmooth_training_B004,79,59,24.430503487587,1.56869745254517,1,2,190,1,1,0,0,1,1
20260721_t1530_srsSmooth_training,srs_smooth_training,trial0465.mat,465,465,379,4,117,79,96,76,20,8,1,2,8,2,92,14141,2,0,2,1,1,2,2,1,1,2,CHOSE_LOW_SAL,2,455,1,0,0,0,1,0,178,61,178,61,117,178,1,180,195.676364527779,354.323635472221,15.6763645277789,174.323635472221,-158.647270944442,158.647270944442,NaN,NaN,NaN,1784663757.52348,20370.52449764,1.70586967468262,0.0113134384155273,0.0867798328399658,0.712077140808105,0.728008031845093,0.953826189041138,0.99515962600708,0.99515962600708,-1,-1,1.23049306869507,75.4663944244385,225.818157196045,41.3334369659424,267.151594161987,Conflict,Left,Right,Left,Left,Right,0,1,0,1,1,0,1,1,0,1,0,0,1,0,0,1,1,0,1,380,300,20260721_t1530_srsSmooth_training_B004,80,60,24.4856545726458,1.56917786598206,2,2,45,1,1,0,0,1,1
20260721_t1530_srsSmooth_training,srs_smooth_training,trial0467.mat,467,467,380,4,119,80,96,76,20,8,1,1,6,2,42,4952,2,0,2,1,1,2,1,2,1,2,CHOSE_HIGH_SAL,1,455,1,0,0,0,1,0,174,35,174,35,139,174,1,180,338.260782074257,211.739217925743,158.260782074257,31.7392179257429,126.521564148514,126.521564148514,NaN,NaN,NaN,1784663762.57008,20375.57112572,1.88458561897278,0.014909029006958,0.223698139190674,0.815521478652954,0.831606864929199,1.08220052719116,1.13229441642761,1.13229441642761,-1,-1,1.40904140472412,208.789110183716,250.593662261963,50.0938892364502,300.687551498413,Congruent,Left,Right,Left,Left,Left,0,1,1,0,1,0,1,1,1,1,0,0,0,0,0,0,1,1,1,381,301,20260721_t1530_srsSmooth_training_B004,81,61,24.5697646260262,3.34073352813721,1,2,178,1,0,0,1,1,1
20260721_t1530_srsSmooth_training,srs_smooth_training,trial0469.mat,469,469,381,4,121,81,96,76,20,8,1,2,8,2,95,16647,2,0,2,1,1,2,2,1,1,2,CHOSE_LOW_SAL,2,455,1,0,0,0,1,0,164,67,164,67,97,164,1,0,29.6805789326581,160.319421067342,29.6805789326581,160.319421067342,-130.638842134684,130.638842134684,NaN,NaN,NaN,1784663767.81796,20380.81876536,1.9371235370636,0.0172431468963623,0.275946140289307,0.843049049377441,0.858942985534668,1.12640738487244,1.16782116889954,1.16782116889954,-1,-1,1.47015237808228,258.702993392944,267.464399337769,41.4137840270996,308.878183364868,Conflict,Left,Right,Left,Left,Right,0,1,0,1,1,0,1,1,0,1,0,0,1,0,0,1,1,0,1,382,302,20260721_t1530_srsSmooth_training_B004,82,62,24.6572291612625,3.36328649520874,1,2,174,1,0,0,1,1,1
20260721_t1530_srsSmooth_training,srs_smooth_training,trial0470.mat,470,470,382,4,122,82,96,76,20,8,1,1,5,2,31,20425,2,0,1,2,1,1,1,1,2,2,CHOSE_LOW_SAL,2,455,1,0,0,0,1,0,177,21,177,21,156,21,1,180,307.305267368927,242.694732631073,127.305267368927,62.6947326310735,64.6105347378531,64.6105347378531,NaN,NaN,NaN,1784663771.33356,20384.3343876,1.62129640579224,0.0184454917907715,0.268837690353394,0.793804168701172,0.810143232345581,1.01059341430664,1.06045842170715,1.06045842170715,-1,-1,1.30387377738953,250.392198562622,200.45018196106,49.8650074005127,250.315189361572,Congruent,Right,Left,Left,Right,Right,0,1,1,0,1,0,0,0,0,1,1,1,1,1,1,1,1,1,1,383,303,20260721_t1530_srsSmooth_training_B004,83,63,24.7158225377401,1.57847905158997,1,2,164,1,1,0,0,1,1
20260721_t1530_srsSmooth_training,srs_smooth_training,trial0471.mat,471,471,383,4,123,83,96,76,20,8,1,1,5,2,26,22061,2,0,1,2,1,1,1,1,2,2,CHOSE_LOW_SAL,2,455,1,0,0,0,1,0,180,35,180,35,145,35,1,180,325.299597566462,224.700402433538,145.299597566462,44.7004024335379,100.599195132924,100.599195132924,NaN,NaN,NaN,1784663774.53566,20387.53631968,1.72845053672791,0.0164718627929688,0.233944177627563,0.842378377914429,0.858170986175537,1.0670223236084,1.1173050403595,1.1173050403595,-1,-1,1.3946168422699,217.472314834595,208.851337432861,50.2827167510986,259.13405418396,Congruent,Right,Left,Left,Right,Right,0,1,1,0,1,0,0,0,0,1,1,1,1,1,1,1,1,1,1,384,304,20260721_t1530_srsSmooth_training_B004,84,64,24.7691908756892,1.58080387115479,2,2,21,1,0,0,1,1,1
20260721_t1530_srsSmooth_training,srs_smooth_training,trial0472.mat,472,472,384,4,124,84,96,76,20,8,1,1,5,2,34,5974,2,0,1,2,1,1,1,1,1,1,CHOSE_HIGH_SAL,1,455,1,0,0,0,1,0,180,34,180,34,146,180,1,0,138.6402447741,51.3597552259003,138.6402447741,51.3597552259003,87.2804895481995,87.2804895481995,NaN,NaN,NaN,1784663777.84167,20390.84235688,2.0142834186554,0.0105931758880615,0.211132049560547,0.894533157348633,0.910629034042358,1.17792415618896,1.23622035980225,1.23622035980225,-1,-1,1.53012156486511,200.538873672485,267.295122146606,58.2962036132812,325.591325759888,Congruent,Right,Left,Right,Right,Right,0,1,1,0,1,1,1,1,1,0,0,0,0,1,1,1,1,1,1,385,305,20260721_t1530_srsSmooth_training_B004,85,65,24.8242910106977,1.57755756378174,2,2,35,1,1,1,0,0,1
20260721_t1530_srsSmooth_training,srs_smooth_training,trial0473.mat,473,473,385,4,125,85,96,76,20,8,1,1,6,2,56,16338,2,0,2,1,1,2,1,2,0,0,,0,453,0,1,0,0,1,0,159,36,159,36,123,NaN,1,180,345.548247984569,204.451752015431,165.548247984569,24.4517520154307,141.096495969139,141.096495969139,NaN,NaN,NaN,1784663781.41827,20394.41881316,1.22855663299561,0.0174648761749268,0.018404483795166,0.718174457550049,0.73415994644165,-1,-1,-1,-1,-1,-1,0.939607620239258,NaN,NaN,NaN,Congruent,Left,Right,None,Left,Left,0,1,1,0,0,NaN,NaN,NaN,NaN,NaN,NaN,NaN,NaN,0,0,0,1,1,0,385,NaN,20260721_t1530_srsSmooth_training_B004,NaN,NaN,24.8839010636012,1.5623197555542,NaN,NaN,NaN,0,NaN,NaN,NaN,NaN,0
20260721_t1530_srsSmooth_training,srs_smooth_training,trial0475.mat,475,475,385,4,127,85,96,76,20,8,1,1,6,2,50,16068,2,0,2,1,1,2,1,2,2,1,CHOSE_LOW_SAL,2,455,1,0,0,0,1,0,163,55,163,55,108,55,1,180,314.754640798541,235.245359201459,134.754640798541,55.2453592014587,79.5092815970826,79.5092815970826,NaN,NaN,NaN,1784663785.82497,20398.82533932,1.87243318557739,0.0192704200744629,0.194679021835327,0.936505079269409,0.952640056610107,1.18654012680054,1.23648476600647,1.23648476600647,-1,-1,1.51383590698242,175.408601760864,233.90007019043,49.9446392059326,283.844709396362,Congruent,Left,Right,Right,Left,Left,0,1,1,0,1,1,0,0,0,0,1,1,1,0,0,0,1,1,1,386,306,20260721_t1530_srsSmooth_training_B004,86,66,24.957346089681,3.17814493179321,1,1,180,1,1,0,0,1,1
20260721_t1530_srsSmooth_training,srs_smooth_training,trial0476.mat,476,476,386,4,128,86,96,76,20,8,1,1,6,2,56,16338,2,0,2,1,1,2,1,2,2,1,CHOSE_LOW_SAL,2,455,1,0,0,0,1,0,163,58,163,58,105,58,1,180,297.358176713623,252.641823286377,117.358176713623,72.6418232863766,44.7163534272468,44.7163534272468,NaN,NaN,NaN,1784663789.25751,20402.2578056,1.91513848304749,0.0118691921234131,0.229276180267334,1.02085018157959,1.03691053390503,1.26245188713074,1.31236219406128,1.31236219406128,-1,-1,1.55590796470642,217.406988143921,225.541353225708,49.910306930542,275.45166015625,Congruent,Left,Right,Right,Left,Left,0,1,1,0,1,1,0,0,0,0,1,1,1,0,0,0,1,1,1,387,307,20260721_t1530_srsSmooth_training_B004,87,67,25.0145550211271,1.56010270118713,2,1,55,1,0,0,1,1,1
20260721_t1530_srsSmooth_training,srs_smooth_training,trial0477.mat,477,477,387,4,129,87,96,76,20,8,1,1,5,2,37,31940,2,0,1,2,1,1,1,1,1,1,CHOSE_HIGH_SAL,1,455,1,0,0,0,1,0,179,62,179,62,117,179,1,180,341.953679147487,208.046320852513,161.953679147487,28.0463208525132,133.907358294974,133.907358294974,NaN,NaN,NaN,1784663792.78537,20405.78562112,2.02079486846924,0.0174753665924072,0.184623003005981,0.943011999130249,0.959179162979126,1.19299411773682,1.24294948577881,1.24294948577881,-1,-1,1.54467344284058,167.147636413574,233.81495475769,49.9553680419922,283.770322799683,Congruent,Right,Left,Right,Right,Right,0,1,1,0,1,1,1,1,1,0,0,0,0,1,1,1,1,1,1,388,308,20260721_t1530_srsSmooth_training_B004,88,68,25.0733527898788,1.61272764205933,2,1,58,1,1,0,0,1,1
20260721_t1530_srsSmooth_training,srs_smooth_training,trial0478.mat,478,478,388,4,130,88,96,76,20,8,1,1,5,2,22,29307,2,0,1,2,1,1,1,1,1,1,CHOSE_HIGH_SAL,1,455,1,0,0,0,1,0,174,67,174,67,107,174,1,180,318.920560884779,231.079439115221,138.920560884779,51.0794391152209,87.8411217695582,87.8411217695582,NaN,NaN,NaN,1784663796.36966,20409.3697798,1.64501166343689,0.0166676044464111,0.0176668167114258,0.625746726989746,0.6416916847229,0.883944988250732,0.93403172492981,0.93403172492981,-1,-1,1.16933345794678,0.999212265014648,242.253303527832,50.0867366790771,292.340040206909,Congruent,Right,Left,Right,Right,Right,0,1,1,0,1,1,1,1,1,0,0,0,0,1,1,1,1,1,1,389,309,20260721_t1530_srsSmooth_training_B004,89,69,25.1330908338229,1.56348776817322,1,1,179,1,0,0,1,1,1
20260721_t1530_srsSmooth_training,srs_smooth_training,trial0479.mat,479,479,389,4,131,89,96,76,20,8,1,2,8,2,88,14487,2,0,2,1,1,2,2,1,2,1,CHOSE_HIGH_SAL,1,455,1,0,0,0,1,0,188,49,188,49,139,49,1,180,252.242429045643,297.757570954357,72.2424290456426,117.757570954357,-45.5151419087149,45.5151419087149,NaN,NaN,NaN,1784663799.57921,20412.57949876,1.5018470287323,0.015575647354126,0.0163486003875732,0.624459743499756,0.640599966049194,0.857651948928833,0.90769362449646,0.90769362449646,-1,-1,1.15100240707397,0.772953033447266,217.051982879639,50.041675567627,267.093658447266,Conflict,Left,Right,Right,Left,Right,0,1,0,1,1,1,0,0,1,0,1,1,0,0,0,1,1,0,1,390,310,20260721_t1530_srsSmooth_training_B004,90,70,25.1865833481153,1.56453919410706,1,1,174,1,1,0,0,1,1
20260721_t1530_srsSmooth_training,srs_smooth_training,trial0480.mat,480,480,390,4,132,90,96,76,20,8,1,1,5,2,27,6629,2,0,1,2,1,1,1,1,1,1,CHOSE_HIGH_SAL,1,455,1,0,0,0,1,0,182,47,182,47,135,182,1,180,344.879794875776,205.120205124224,164.879794875776,25.1202051242244,139.759589751551,139.759589751551,NaN,NaN,NaN,1784663802.63454,20415.6346888,1.85465264320374,0.0186936855316162,0.0196168422698975,0.819429159164429,0.835392475128174,1.06948637962341,1.11104226112366,1.11104226112366,-1,-1,1.37089014053345,0.92315673828125,234.093904495239,41.5558815002441,275.649785995483,Congruent,Right,Left,Right,Right,Right,0,1,1,0,1,1,1,1,1,0,0,0,0,1,1,1,1,1,1,391,311,20260721_t1530_srsSmooth_training_B004,91,71,25.2375056028366,1.55348825454712,2,1,49,1,1,0,0,1,1
20260721_t1530_srsSmooth_training,srs_smooth_training,trial0481.mat,481,481,391,4,133,91,96,76,20,8,1,2,7,2,64,15629,2,0,1,2,1,1,2,2,1,1,CHOSE_LOW_SAL,2,455,1,0,0,0,1,0,186,60,186,60,126,186,1,0,27.5624263705654,162.437573629435,27.5624263705654,162.437573629435,-134.875147258869,134.875147258869,NaN,NaN,NaN,1784663806.0487,20419.04885996,2.01665139198303,0.0130083560943604,0.271825075149536,0.880173444747925,0.896376609802246,1.18882274627686,1.23859119415283,1.23859119415283,-1,-1,1.53309464454651,258.816719055176,292.446136474609,49.7684478759766,342.214584350586,Conflict,Right,Left,Right,Right,Left,0,1,0,1,1,1,1,1,0,0,0,0,1,1,1,0,1,0,1,392,312,20260721_t1530_srsSmooth_training_B004,92,72,25.2944081346194,1.55949926376343,1,1,182,1,0,0,1,1,1
20260721_t1530_srsSmooth_training,srs_smooth_training,trial0482.mat,482,482,392,4,134,92,96,76,20,8,1,1,6,2,46,17243,2,0,2,1,1,2,1,2,2,1,CHOSE_LOW_SAL,2,455,1,0,0,0,1,0,173,35,173,35,138,35,1,0,116.444738986897,73.5552610131034,116.444738986897,73.5552610131034,42.8894779737932,42.8894779737932,NaN,NaN,NaN,1784663809.65567,20422.65562996,1.6180374622345,0.0145108699798584,0.148461103439331,0.756680965423584,0.772873878479004,0.990506172180176,1.04005265235901,1.04005265235901,-1,-1,1.28383469581604,133.950233459473,217.632293701172,49.546480178833,267.178773880005,Congruent,Left,Right,Right,Left,Left,0,1,1,0,1,1,0,0,0,0,1,1,1,0,0,0,1,1,1,393,313,20260721_t1530_srsSmooth_training_B004,93,73,25.3545243302981,1.59032034873962,1,1,186,1,1,0,0,1,1
20260721_t1530_srsSmooth_training,srs_smooth_training,trial0483.mat,483,483,393,4,135,93,96,76,20,8,1,1,5,2,28,4738,2,0,1,2,1,1,1,1,1,1,CHOSE_HIGH_SAL,1,455,1,0,0,0,1,0,166,40,166,40,126,166,1,0,130.383781496448,59.6162185035525,130.383781496448,59.6162185035525,70.767562992895,70.767562992895,NaN,NaN,NaN,1784663812.87111,20425.87109716,2.02702379226685,0.0158557891845703,0.249578237533569,0.999691963195801,1.01589441299438,1.25809550285339,1.30813241004944,1.30813241004944,-1,-1,1.55996298789978,233.722448348999,242.201089859009,50.0369071960449,292.237997055054,Congruent,Right,Left,Right,Right,Right,0,1,1,0,1,1,1,1,1,0,0,0,0,1,1,1,1,1,1,394,314,20260721_t1530_srsSmooth_training_B004,94,74,25.4081151167552,1.59740972518921,2,1,35,1,1,0,0,1,1
20260721_t1530_srsSmooth_training,srs_smooth_training,trial0484.mat,484,484,394,4,136,94,96,76,20,8,1,2,8,2,86,32672,2,0,2,1,1,2,2,1,2,1,CHOSE_HIGH_SAL,1,455,1,0,0,0,1,0,192,42,192,42,150,42,1,180,208.248155321303,341.751844678697,28.2481553213031,161.751844678697,-133.503689357394,133.503689357394,NaN,NaN,NaN,1784663816.4417,20429.44166196,1.7073769569397,0.0120744705200195,0.271090030670166,0.82095193862915,0.837106704711914,1.08777236938477,1.12960124015808,1.12960124015808,-1,-1,1.36497688293457,259.015560150146,250.665664672852,41.8288707733154,292.494535446167,Conflict,Left,Right,Right,Left,Right,0,1,0,1,1,1,0,0,1,0,1,1,0,0,0,1,1,0,1,395,315,20260721_t1530_srsSmooth_training_B004,95,75,25.4676248987516,1.5435631275177,1,1,166,1,1,0,0,1,1
20260721_t1530_srsSmooth_training,srs_smooth_training,trial0485.mat,485,485,395,4,137,95,96,76,20,8,1,2,7,2,70,19629,2,0,1,2,1,1,2,2,2,2,CHOSE_HIGH_SAL,1,455,1,0,0,0,1,0,177,73,177,73,104,73,1,180,222.629860841012,327.370139158988,42.6298608410123,147.370139158988,-104.740278317975,104.740278317975,NaN,NaN,NaN,1784663819.72813,20432.72800508,1.78689002990723,0.0174381732940674,0.20121955871582,0.859527111053467,0.875804901123047,1.092937707901,1.14292311668396,1.14292311668396,-1,-1,1.41122555732727,183.781385421753,217.132806777954,49.985408782959,267.118215560913,Conflict,Right,Left,Left,Right,Left,0,1,0,1,1,0,0,0,1,1,1,1,0,1,1,0,1,0,1,396,316,20260721_t1530_srsSmooth_training_B004,96,76,25.52239874204,1.5790536403656,2,1,42,1,0,1,1,0,1
20260721_t1530_srsSmooth_training,srs_smooth_training,trial0486.mat,486,486,396,5,1,0,104,84,20,8,2,0,4,1,20,11030,1,2,1,2,2,2,2,2,0,0,,0,454,0,1,0,0,1,0,97,152,152,97,-55,NaN,1,180,190,0,10,180,-170,170,NaN,NaN,NaN,1784663823.109,20436.10858976,1.14767694473267,0.0116991996765137,0.212205648422241,0.795551061630249,0.811729907989502,1.06223845481873,-1,-1,-1,-1,-1,200.506448745728,250.508546829224,NaN,NaN,Instruction,Right,Left,None,Left,Left,1,0,0,0,0,NaN,NaN,NaN,NaN,NaN,NaN,NaN,NaN,1,0,0,0,0,0,396,NaN,20260721_t1530_srsSmooth_training_B005,NaN,NaN,25.5787465771039,1.59398007392883,NaN,NaN,NaN,0,NaN,NaN,NaN,NaN,0
20260721_t1530_srsSmooth_training,srs_smooth_training,trial0487.mat,487,487,396,5,2,0,104,84,20,8,2,0,1,1,2,28292,1,1,1,2,2,2,1,1,1,1,SINGLE_T1_CORRECT,10,455,1,0,0,0,1,0,99,170,170,99,-71,99,1,0,180,10,180,10,170,170,NaN,NaN,NaN,1784663825.66338,20438.66303748,2.27703642845154,0.0157558917999268,0.241650342941284,1.02453970909119,1.04079604148865,1.28316831588745,1.3249351978302,1.3249351978302,-1,-1,1.59425401687622,225.894451141357,242.372274398804,41.766881942749,284.139156341553,Instruction,Right,Left,Right,Left,Right,1,0,0,0,0,NaN,NaN,NaN,NaN,NaN,NaN,NaN,NaN,1,0,1,0,1,0,397,NaN,20260721_t1530_srsSmooth_training_B005,1,NaN,25.621319492658,1.40669798851013,NaN,NaN,NaN,0,NaN,NaN,NaN,NaN,0
